783124.6777770184 738.0036194872569 1431.0308192000973 1.9067775321445861
275411.9340604849 1140.6733470807958 1127.2598812434078 0.8522703695505792
178303.03942847133 1250.5501462282534 1021.5131793879016 0.6089236854438924
135536.67716609512 1309.800484216219 960.4510735066809 0.4923129536150525
113529.27318243776 1344.5071394430163 923.3691258087853 0.42894041618166556
101667.19431887503 1364.6302593960468 901.42425196021 0.39347568483094514
94946.48915652183 1376.345791736729 888.4978389336865 0.37281169449208995
91757.48560554985 1381.6124957191475 882.6507491744403 0.3626767989925852
91128.04976531002 1381.8909009098702 882.3410422763058 0.3603153522053589
91154.99174138061 1381.0747025439978 883.2450094665348 0.36005300074670077
91162.46636855851 1381.023238444366 883.2845189973418 0.36006641819081375
91169.79354586835 1380.9727917994844 883.3232453264537 0.3600795713401827
91176.98924263337 1380.9232525360947 883.3612730723056 0.36009248883969847
91184.0665199435 1380.8745306228807 883.3986714498433 0.3601051941169431
91191.03624266137 1380.8265511641252 883.4354980409548 0.36011770665959
91197.90757874913 1380.7792509588435 883.4718014387925 0.3601300429112178
91204.68835939183 1380.7325760191416 883.5076231549615 0.36014221691738957
91211.38534499801 1380.6864797371131 883.5429990283401 0.36015424080285097
91218.00442576797 1380.6409215026538 883.5779602873678 0.3601661251313585
91224.55077565945 1380.5958656423884 883.6125343655596 0.3601778791818744
95786.34489205343 1254.6664336901297 1226.8476183097503 0.4028970416306596
96139.40490950528 1253.9377174851468 1230.6544570143365 0.40313118185775265
96492.46492695708 1253.209268097013 1234.4563057376124 0.40336550850123165
96845.52494440891 1252.4810705244724 1238.253152533696 0.40360002657060523
97198.58496186072 1251.7531112137774 1242.04498667672 0.4038347406310537
97551.64497931255 1251.0253778658814 1245.8317984948822 0.4040696548630794
97904.70499676437 1250.2978592759346 1249.613579232661 0.4043047731121103
98669.32732951775 1248.754813140434 1257.8287561922737 0.4048043579496028
99823.58915382961 1246.4427360616846 1270.1867840677617 0.4055552431512297
100977.85097814146 1244.1308060215345 1282.4904775711034 0.4063088711944984
102132.11280245331 1241.819017320369 1294.739835947881 0.40706525899923746
102486.92501797386 1241.092890397639 1298.4521822500637 0.40730341857980457
101604.63984670793 1242.810195264269 1289.0551652899605 0.4067406085235158
100722.354675442 1244.5277162972277 1279.6274355877472 0.40617928114676843
99840.06950417608 1246.2529186157044 1286.4451511007637 0.40048738142037976
98957.78433291015 1248.0102690300976 1301.1445361523706 0.3924636051017564
98075.49916164423 1249.8016589128533 1315.4826625609337 0.38472473362111986
93927.43840215777 1258.4930120742563 1291.786983339881 0.375197187149361
89563.94350632236 1267.7922672971188 1263.1875029967866 0.3658658801851069
85200.44861048693 1277.2583399480322 1231.9989947098513 0.35685059523204443
80836.95371465152 1286.8912410293524 1198.1568333854311 0.348136343987819
80272.11584715077 1288.1252543373557 1211.3051651645462 0.3419682130686336
79957.51954368173 1288.8217113353946 1227.461384488753 0.3361443850702721
79642.92324021271 1289.5304619860678 1243.4867691176196 0.3305066528907892
79328.32693674367 1290.2514971921962 1259.3814862426723 0.3250461118742396
79071.10631826555 1290.845893567435 1275.9366684032034 0.31978882894021776
78902.566740843 1291.2348638925018 1293.6220218005628 0.31474448496189944
78734.02716342043 1291.6305243290758 1311.239032219253 0.3098523590494716
78565.48758599786 1292.0329450531806 1328.7879607677012 0.3051055818800126
78494.06017790145 1292.1919919538113 1347.6807576022325 0.3005558770594497
78617.75719717517 1291.8499863950651 1369.4058190027492 0.29625366845405904
78741.45421644888 1291.503620555461 1391.1772798807688 0.2920760951752285
78865.15123572262 1291.1528847758977 1412.9948549331182 0.2880178656317911
78988.84825499632 1290.7977697840583 1434.8582573483966 0.2840739837509951
79112.54527427004 1290.438266673644 1456.767198811958 0.2802397286334705
74961.96061464865 1301.999944266034 1411.7930883817662 0.2739778372227855
70216.73603566259 1315.3753666983855 1354.1508269893106 0.2675569819624088
65471.511456676526 1328.9321831908887 1292.7393238837285 0.2613248996635969
60726.28687769046 1342.6704388238384 1227.4518654969722 0.25527470098711624
72308.79886125503 1308.520656903347 1443.3765512140437 0.2585614517153294
89139.97236608338 1258.4563141119559 1733.1874241937303 0.26542708623302264
105971.14587091171 1207.7474747962399 2002.4745633233058 0.27309668196229636
122802.31937574016 1156.3954216068503 2249.6908341125454 0.2816850221252256
137828.32844712795 1110.0203975114248 2453.5994707579976 0.2898569095325672
148022.4243505643 1078.1309552141888 2590.7128457117856 0.29481762896662567
158216.52025400067 1045.8535262962796 2718.7290215748303 0.3002811255232564
168410.61615743686 1013.1881659899203 2837.031427553088 0.3062984463168665
177043.39671080443 985.2539575794992 2934.326355277862 0.3113030777078503
176887.51982285234 985.7504755151069 2967.4819693681866 0.3075537879570202
176731.64293490013 986.2531460574506 3000.6277987754193 0.30388834682195903
176575.76604694797 986.7616894667408 3023.4095159125645 0.30133245077421694
176419.88915899582 987.2718119496127 3022.302140798936 0.3011767523992122
176264.01227104367 987.7820383941489 3021.192324093519 0.30102118315788967
179644.579591256 976.3790321482271 3043.694719821647 0.30453662337942206
185636.8371726077 956.2141132887938 3080.2608649313024 0.3109585086258889
191629.09475395927 936.0494576291647 3112.6346209000517 0.31765698065107795
197621.35233531095 915.8850687322278 3140.816070227684 0.32465030009729223
203507.14735595172 896.0909643123283 3164.401736225582 0.33182130761798523
205931.91458042123 887.9240093532346 3172.9211402917476 0.334873280303251
208356.68180489074 879.7572354974155 3180.7539587158835 0.337981846469387
210781.4490293602 871.590640804961 3187.9002069610074 0.3411485957450115
213206.2162538297 863.4242233616806 3194.359900260318 0.3443751778450191
213822.8040180417 861.3515996608647 3195.8520726311863 0.34520378864143036
212515.35529106716 865.7371962151046 3192.48283469352 0.3434550594762329
211207.90656409264 870.1228113867111 3188.914670368475 0.34172395108113784
209900.45783711807 874.5084072651857 3185.147440283963 0.3400102132022219
208593.00911014355 878.8939810272087 3181.1811355087607 0.3383135867792518
205103.11333358986 890.6275228193663 3169.6815274667892 0.33385636570403504
201471.72483622824 902.8290336454345 3156.216744802376 0.3293442576329038
197840.33633886665 915.030450075066 3141.213904373946 0.3249525200611137
194208.94784150503 927.231774549407 3124.673030715804 0.32067639882202686
188585.835381781 946.149324892515 3096.0222000967883 0.3142644085870078
179896.1197778022 975.3645087105948 3044.5518144893117 0.3048506535943634
171206.40417382354 1004.5796235787354 2984.2701521844083 0.29598449236116925
162516.68856984473 1033.7946972027007 2915.177267440664 0.2876194876578744
153826.97296586595 1063.0097616949024 2837.27320712046 0.2797143074002243
145137.25736188726 1092.2248544070023 2750.55800892688 0.2722320416554051
136447.54175790845 1121.440443395479 2657.7605075538445 0.26486738690462774
127757.82615392977 1151.181442522413 2641.1795012035736 0.2495541353604423
119068.11054995096 1181.9159559544185 2610.194812147185 0.23533905424090598
111238.22999824808 1210.4582508827457 2576.7017528088168 0.22272484161439735
