1.00378
1.1471397693663563
1.182399920821938
1.2121828708774238
1.2384256360964592
1.2620234267008013
1.2837756083034806
1.3040386043639443
1.3230703173773886
1.3409921200891601
1.35805113475086
1.3743658435186128
1.3899356526918916
1.404890566952715
1.4193199478620129
1.4332616095750632
1.446711949396663
1.4597656347195045
1.4724477379546228
1.4847747730622936
1.4967542554829376
1.5084412728673409
1.5198489224465432
1.530996384018705
1.5418679736798115
1.5525148025229694
1.5629377128277024
1.5731575152765302
1.5831770619067258
1.5930069217864165
1.6026615244171867
1.612134251189177
1.621448285715306
1.6306038262556637
1.6396072277279228
1.6484706857672626
1.65718569146382
1.6657681259813486
1.6742260415077175
1.6825294060947689
1.6907172106672752
1.6987923030617396
1.7067251793380187
1.7145547525485192
1.7222842209559166
1.7298781488596662
1.7373770974948168
1.7447855302473445
1.752069587837296
1.759255807777049
1.7663599625053428
1.773363818615461
1.780254248834474
1.7870700896503235
1.793813211583578
1.8004321164066477
1.8069721086624289
1.8134458091244459
1.819844804399371
1.826119513554649
1.8323337410813045
1.8384888179411978
1.8445646892644483
1.8505292113187073
1.8564396626254305
1.8622971541680218
1.8680849566460975
1.8737655100059594
1.8793974767357062
1.8849817925467172
1.890518553846404
1.8959378631089703
1.901313318171392
1.9066457133145869
1.911935819499822
1.9171431102398673
1.9222817116566386
1.9273812467748497
1.932442375897766
1.9374657412998242
1.9423786358212132
1.947253353969823
1.9520931956888357
1.9568987124014208
1.9616606310982476
1.9663214089974408
1.970950481383674
1.9755483227842559
1.980115396323695
1.984647551257843
1.9890818621400854
1.993487654588636
1.997865330128082
2.0022152812366936
2.006537891629378
2.010771004287153
2.014959362619021
2.019122446613912
2.023260588385473
2.0273741130870255
2.0314475382487474
2.035443331931104
2.039416232260912
2.043366523711267
2.0472944851329267
2.051200389909133
2.055051379781003
2.0588374161791143
2.0626030043196724
2.066348382689
2.070073785363019
2.073779442120699
2.077435472609642
2.0810203915378915
2.0845870567351503
2.088135668113484
2.091666422123318
2.095179511836683
2.0986728571384643
2.102039574567767
2.105390247646618
2.108725040204373
2.112044113438769
2.115347625968702
2.118635733891401
2.121863384684704
2.125003493204215
2.1281296911429095
2.1312421100178027
2.1343408793914556
2.137426126912164
2.140497978353079
2.1435069251255716
2.146439106930565
2.149359191761466
2.1522672857407317
2.1551634935317163
2.15804791836637
2.1609206620722636
2.1637637660282096
2.1665061596323456
2.169237993975295
2.171959355217244
2.1746703284195665
2.1773709975641355
2.180061445572191
2.182741754322793
2.185340890364614
2.1878755663392138
2.1904012370687695
2.1929179701005235
2.1954258321923517
2.1979248893254413
2.200415206716703
2.2028968488309366
2.205298613761827
2.2076461196363066
2.209985909668886
2.212318037211577
2.2146425550434663
2.216959515379146
2.2192689698769823
2.2215709696472286
2.2238406280647975
2.2260392780061014
2.228231166637919
2.230416337567488
2.2325948339664943
2.2347666985770176
2.2369319737173687
2.239090701287828
2.241242922776287
2.2433369925068045
2.245386045668539
2.2474292309551758
2.249466583493859
2.2514981380870918
2.253523929216817
2.2555439910484454
2.2575583574348017
2.259567061920027
2.261510413916103
2.263377686613326
2.2652400830087456
2.2670976296067056
2.268950352690188
2.2707982783233143
2.2726414323538093
2.2744798404154336
2.276313527930383
2.2781425201116496
2.2798443184666377
2.2815316561385894
2.2832150068129557
2.2848943899968313
2.286569825051563
2.288241331194213
2.2899089274989968
2.291572632898706
2.293232466186117
2.2948884460153787
2.296419128949383
2.297939391622685
2.29945641133981
2.300970202338395
2.302480778761423
2.303988154658054
2.305492343984441
2.3069933606045514
2.308491218290959
2.309985930725657
2.3114052418869298
2.3127511358528743
2.3140944800601675
2.315435284362558
2.3167735585569886
2.318109312384002
2.3194425555281692
2.3207732976184876
2.3221015482287966
2.323427316878181
2.3247506130313735
2.3260049718348843
2.3272096339163597
2.3284122473597613
2.3296128192041277
2.330811356453079
2.3320078660750356
2.333202355003439
2.3343948301369526
2.3355852983396828
2.3367737664413895
2.337960241237693
2.3391290930197894
2.340211368567475
2.341291985650956
2.342370949346649
2.343448264708805
2.344523936769609
2.345597970539297
2.3466703710062586
2.347741143137137
2.3488102918769496
2.3498778221491787
2.3509437388558907
2.3519856711459957
2.35293725099976
2.353887544053796
2.3548365537195104
2.3557842833960705
2.356730736470444
2.3576759163174343
2.358619826299718
2.359562469767882
2.3605038500604607
2.3614439705039767
2.362382834412976
2.363320445090066
2.3641755920073657
2.3649939886049878
2.365811429863452
2.3666279178993013
2.3674434548234817
2.3682580427413327
2.3690716837525874
2.369884379951371
2.370696133426204
2.371506946259995
2.3723168205300484
2.373125758308063
2.373933761660127
2.3746946729716254
2.3754253258478912
2.3761552154031946
2.3768843431050666
2.3776127104181746
2.3783403188043173
2.379067169722407
2.3797932646284603
2.3805186049755878
2.3812431922139803
2.381967027790899
2.3826901131506695
2.383412449734667
2.3841340389813097
2.384752362863105
2.385361694569204
2.385970495340736
2.3865787659552375
2.3871865071899365
2.3877937198217256
2.3884004046271476
2.3890065623823715
2.3896121938631767
2.3902172998449287
2.390821881102567
2.39142593841058
2.392029472542992
2.3926324842733395
2.3931545118143416
2.3936239194846505
2.3940930168083208
2.394561804027435
2.3950302813852997
2.3954984491264235
2.3959663074964963
2.3964338567423598
2.3969010971119964
2.397368028854502
2.3978346522200606
2.3983009674599334
2.398766974826428
2.3992326745728865
2.39969806695366
2.4001046188979527
2.4004763507177107
2.400847895040369
2.401219251882672
2.4015904212629193
2.401961403200952
2.402332197718123
2.402702804837288
2.4030732245827804
2.4034434569803937
2.403813502057365
2.40418335984235
2.404553030365409
2.4049225136579926
2.405291809752918
2.405660918684355
2.405915011068097
2.4061644004694966
2.4064137220989292
2.4066629758083096
2.406912161451198
2.407161278882771
2.4074103279598127
2.4076593085406905
2.4079082204853473
2.408157063655278
2.4084058379135214
2.408654543124638
2.408903179154694
2.4091517458712564
2.4094002431433643
2.4096486708415243
2.4098141524944245
2.4099178339320724
2.410021540770066
2.410125272788343
2.4102290297683253
2.41033281149291
2.410436617746455
2.4105404483147668
2.4106443029850846
2.4107481815460683
2.410852083787787
2.4109560095017057
2.411059958480675
2.4111639305189114
2.4112679254119964
2.411371942956853
2.4114759829517425
2.411550711608752
2.411586656313264
2.4116226493411173
2.411658690482738
2.411694779529819
2.411730916275313
2.4117671005134134
2.4118033320395535
2.411839610650389
2.411875936143786
2.4119123083188185
2.4119487269757554
2.411985191916043
2.412021702942306
2.4120582598583313
2.412094862469056
2.412131510580567
2.4121682040000834
2.4121478607920293
2.412070571239348
2.4119933443815764
2.4119161800312705
2.411839078002044
2.411762038108558
2.4116850601665107
2.4116081439926345
2.411531289404682
2.4114544962214226
2.41137776426263
2.4113010933490755
2.4112244833025227
2.411147933945713
2.411071445102365
2.4109950165971603
2.410918648255742
2.4108423399047028
2.410766091371577
2.4106899041607726
2.4106137769945737
2.4105377091344495
2.41046170041163
2.410385750658259
2.410309859707374
2.4102340273929053
2.4101582535496697
2.4100825380133637
2.4100068806205526
2.4099312812086673
2.409855739615999
2.4097802556816865
2.4097048292457166
2.4096294601489125
2.4095541482329303
2.409478893340252
2.4094036953141797
2.4093285539988263
2.4092534689656473
2.409178438529961
2.4091034643421834
2.40902854624962
2.4089536841003585
2.4088788777432653
2.4088041270279756
2.408729431804894
2.40865479192518
2.4085802072407505
2.40850567760427
2.4084312028691452
2.4083567828895216
2.4082824175202764
2.408208106617013
2.408133850036057
2.4080596476344485
2.407985499269939
2.4079114048009878
2.407837364086753
2.407763376987088
2.4076701789720127
2.407564966128045
2.4074598057043266
2.4073546975651268
2.4072496415753797
2.40714463760068
2.407039685507276
2.406934785984388
2.4068299401177895
2.406725145735305
2.406620402705759
2.4065157108986077
2.4064110701839363
2.40630648043245
2.4062019415154756
2.406097453304955
2.405993015673441
2.4058886284940906
2.405784291640664
2.4056800049875187
2.405575768409606
2.4054715817824666
2.405367444982227
2.405263357885597
2.405159320369861
2.4050553323128767
2.4049513935930737
2.4048475040894477
2.4047436636815545
2.404639872249507
2.404536129673976
2.4044324358361786
2.4043287906178836
2.404225193901398
2.404121645569573
2.404018145505791
2.4039146935939724
2.4038112897185613
2.403707933764528
2.403604625617368
2.403501365163093
2.4033981522882266
2.403294986879808
2.4031918688253837
2.4030887980130045
2.402985774331222
2.4028827976690854
2.4027798679161436
2.4026769849624303
2.4025741486984744
2.402471359015284
2.402368615804354
2.4022659189576556
2.402163268367639
2.402060663927224
2.4019581055298014
2.40185559306923
2.4017531264398295
2.4016507055363854
2.4015483302541374
2.401446000488782
2.4013437161364655
2.4012414770937878
2.401139283257791
2.4010371345259642
2.400935030796234
2.400832971966968
2.400730957936968
2.400628988605468
2.4005270638721328
2.4004251836370543
2.4003233478007466
2.400221556264151
2.400119808928623
2.400018105695936
2.3999164464682794
2.3998148311482534
2.3997132596388675
2.399611731843536
2.39951024766608
2.399408807010719
2.399307409782075
2.3992060558851636
2.399104745225396
2.3990034777085776
2.3989022532408995
2.3988010717289425
2.3986999330796706
2.398598837200431
2.398497783998952
2.3983967733833396
2.3982958052620735
2.398194879544009
2.3980939961383725
2.397993154954758
2.397892355903128
2.397791598893808
2.3976908838374857
2.397590210645212
2.397489579228394
2.397388989498793
2.3972884413685294
2.3971879347500695
2.3970874695562325
2.396987045700187
2.3968866630954455
2.3967863216558625
2.3966860212956376
2.3965857619293085
2.3964855434717505
2.3963853658381757
2.3962852289441297
2.396185132705489
2.396085077038462
2.395985061859585
2.3958850870857193
2.3957851526340517
2.3956852584220916
2.3955854043676674
2.3954855903889305
2.3953858164043456
2.3952860823326945
2.3951863880930713
2.395086733604884
2.394987118787848
2.3948875435619876
2.394788007847636
2.394688511565428
2.394589054636304
2.3944896369815027
2.394390258522567
2.394290919181334
2.3941916188799395
2.394092357540814
2.3939931350866788
2.393893951440549
2.393794806525728
2.3936957002658104
2.393596632584675
2.393497603406484
2.3933986126556874
2.3932996602570147
2.3932007461354776
2.3931018702163636
2.3930030324252405
2.392904232687952
2.3928054709306146
2.392706747079618
2.392608061061625
2.3925094128035673
2.392410802232645
2.392312229276325
2.392213693862341
2.3921151959186906
2.392016735373633
2.39191831215569
2.3918199261936444
2.391721577416535
2.3916232657536596
2.391524991134573
2.3914267534890814
2.3913285527472476
2.391230388839383
2.3911322616960526
2.391034171248069
2.3909361174264916
2.3908381001626293
2.390740119388034
2.390642175034505
2.3905442670340795
2.3904463953190387
2.3903485598219034
2.3902507604754346
2.390152997212631
2.3900552699667257
2.389957578671189
2.389859923259726
2.3897623036662727
2.3896647198249976
2.3895671716702993
2.3894696591368065
2.389372182159376
2.38927474067309
2.389177334613258
2.3890799639154157
2.3889826285153206
2.3888853283489504
2.388788063352507
2.388690833462413
2.388593638615306
2.388496478748047
2.388399353797709
2.388302263701583
2.3882052083971756
2.388108187822205
2.388011201914603
2.387914250612513
2.3878173338542874
2.387720451578489
2.3876236037238883
2.3875267902294657
2.3874300110344047
2.387333266078095
2.387236555300129
2.3871398786403053
2.3870432360386222
2.386946627435282
2.3868500527706833
2.3867535119854275
2.386657005020313
2.386560531816334
2.386464092314684
2.3863676864567496
2.386271314184112
2.386174975438545
2.3860786701620187
2.3859823982966915
2.3858861597849126
2.3857899545692227
2.385693782592349
2.3855976437972095
2.3855015381269045
2.3854054655247268
2.385309425934149
2.385213419298833
2.3851174455626185
2.385021504669533
2.3849255965637814
2.3848297211897527
2.384733878492013
2.384638068415312
2.384542290904572
2.3844465459048974
2.384350833361567
2.3842551532200367
2.3841595054259357
2.384063889925068
2.3839683066634114
2.383872755587117
2.383777236642505
2.3836817497760667
2.3835862949344673
2.3834908720645362
2.3833954811132756
2.3833001220278542
2.3832047947556063
2.3831094992440325
2.3830142354408013
2.382919003293743
2.3828238027508517
2.3827286337602875
2.3826334962703704
2.3825383902295836
2.3824433155865705
2.382348272290134
2.382253260289237
2.3821582795330007
2.382063329970706
2.3819684115517896
2.381873524225844
2.38177866794262
2.38168384265202
2.3815890483041042
2.381494284849085
2.3813995522373275
2.3813048504193497
2.3812101793458216
2.3811155389675633
2.3810209292355466
2.38092635010089
2.3808318015148653
2.380737283428889
2.380642795794527
2.380548338563491
2.380453911687639
2.3803595151189767
2.3802651488096527
2.380170812711961
2.380076506778339
2.3799822309613683
2.37988798521377
2.3797937694884106
2.379699583738294
2.37960542791657
2.379511301976526
2.379417205871584
2.3793231395553116
2.3792291029814114
2.379135096103723
2.3790411188762235
2.3789471712530292
2.3788532531883884
2.3787593646366867
2.378665505552443
2.37857167589031
2.3784778756050757
2.378384104651659
2.378290362985111
2.3781966505606174
2.3781029673334917
2.3780093132591795
2.3779156882932573
2.377822092391429
2.377728525509528
2.377634987603517
2.377541478629487
2.3774479985436545
2.3773545473023634
2.377261124862083
2.3771677311794113
2.3770743662110685
2.3769810299138987
2.3768877222448737
2.3767944431610837
2.376701192619747
2.3766079705782035
2.3765147769939126
2.376421611824456
2.3763284750275364
2.376235366560981
2.3761422863827297
2.376049234450847
2.375956210723515
2.3758632151590335
2.375770247715822
2.375677308352415
2.3755843970274664
2.375491513699747
2.3753986583281406
2.3753058308716493
2.3752130312893875
2.3751202595405876
2.3750275155845952
2.374934799380868
2.374842110888976
2.3747494500686073
2.3746568168795554
2.3745642112817307
2.3744716332351525
2.3743790826999516
2.37428655963637
2.374194064004757
2.3741015957655773
2.374009154879397
2.373916741306896
2.3738243550088627
2.373731995946191
2.3736396640798816
2.3735473593710443
2.373455081780895
2.3733628312707546
2.373270607802051
2.3731784113363172
2.3730862418351895
2.3729940992604077
2.37290198357382
2.372809894737374
2.3727178327131235
2.372625797463222
2.372533788949927
2.3724418071355973
2.372349851982694
2.37225792345378
2.3721660215115157
2.3720741461186665
2.3719822972380924
2.3718904748327576
2.3717986788657215
2.3717069093001455
2.3716151660992884
2.371523449226505
2.371431758645252
2.3713400943190766
2.371248456211631
2.3711568442866575
2.3710652585079974
2.3709736988395864
2.3708821652454555
2.3707906576897324
2.3706991761366365
2.370607720550485
2.370516290895685
2.37042488713674
2.3703335092382467
2.370242157164893
2.370150830881458
2.370059530352817
2.369968255543934
2.3698770064198658
2.3697857829457587
2.36969458508685
2.3696034128084693
2.3695122660760326
2.3694211448550475
2.3693300491111127
2.369238978809913
2.3691479339172226
2.369056914398905
2.3689659202209103
2.3688749513492766
2.36878400775013
2.3686930893896827
2.3686021962342325
2.368511328250166
2.3684204854039557
2.368329667662156
2.368238874991411
2.3681481073584476
2.3680573647300776
2.3679666470731973
2.367875954354787
2.3677852865419102
2.3676946436017143
2.3676040255014317
2.3675134322083733
2.367422863689937
2.3673323199136003
2.367241800846923
2.367151306457549
2.3670608367131973
2.366970391581675
2.366879971030864
2.3667895750287307
2.36669920354332
2.366608856542758
2.3665185339952473
2.3664282358690705
2.3663379621325915
2.3662477127542525
2.3661574877025715
2.3660672869461465
2.3659771104536516
2.365886958193841
2.3657968301355425
2.365706726247667
2.365616646499195
2.3655265908591865
2.365436559296779
2.3653465517811845
2.3652565682816884
2.3651666087676553
2.365076673208521
2.364986761573801
2.364896873833078
2.364807009956017
2.36471716991235
2.364627353671888
2.3645375612045116
2.364447792480178
2.3643580474689134
2.36426832614082
2.36417862846607
2.364088954414909
2.3639993039576543
2.3639096770646937
2.363820073706488
2.3637304938535686
2.363640937476536
2.363551404546064
2.363461895032896
2.3633724089078445
2.3632829461417915
2.36319350670569
2.3631040905705625
2.363014697707498
2.362925328087659
2.362835981682272
2.3627466584626355
2.3626573584001114
2.3625680814661356
2.3624788276322066
2.3623895968698942
2.362300389150831
2.362211204446721
2.362122042729333
2.3620329039705017
2.361943788142128
2.361854695216182
2.3617656251646943
2.361676577959766
2.3615875535735618
2.36149855197831
2.3614095731463056
2.3613206170499086
2.3612316836615417
2.3611427729536922
2.3610538848989147
2.3609650194698233
2.3608761766390955
2.3607873563794772
2.360698558663772
2.360609783464849
2.3605210307556415
2.3604323005091423
2.3603435926984084
2.360254907296557
2.3601662442767695
2.3600776036122877
2.359988985276416
2.3599003892425188
2.3598118154840213
2.3597232639744106
2.3596347346872335
2.3595462275960988
2.3594577426746723
2.3593692798966837
2.359280839235921
2.3591924206662296
2.359104024161519
2.359015649695753
2.3589272972429596
2.35883896677722
2.3587506582726787
2.3586623717035353
2.3585741070440505
2.3584858642685407
2.3583976433513816
2.3583094442670056
2.358221266989903
2.3581331114946225
2.3580449777557675
2.3579568657480006
2.35786877544604
2.3577807068246615
2.357692659858696
2.3576046345230295
2.357516630792608
2.3574286486424274
2.357340688047545
2.35725274898307
2.3571648314241695
2.357076935346062
2.356989060724026
2.3569012075333884
2.3568133757495358
2.356725565347907
2.356637776303996
2.35655000859335
2.356462262191568
2.356374537074306
2.356286833217274
2.3561991505962316
2.3561114891869956
2.356023848965433
2.355936229907462
2.355848631989059
2.355761055186248
2.3556734994751056
2.355585964831764
2.355498451232405
2.3554109586532617
2.355323487070619
2.3552360364608154
2.3551486068002374
2.355061198065324
2.354973810232568
2.354886443278507
2.354799097179735
2.354711771912894
2.3546244674546757
2.354537183781823
2.354449920871128
2.3543626786994345
2.3542754572436335
2.3541882564806675
2.3541010763875265
2.354013916941252
2.353926778118933
2.353839659897706
2.35375256225476
2.3536654851673298
2.3535784286127015
2.353491392568204
2.353404377011221
2.35331738191918
2.3532304072695562
2.3531434530398743
2.3530565192077058
2.352969605750671
2.3528827126464336
2.3527958398727087
2.3527089874072566
2.3526221552278845
2.3525353433124465
2.352448551638842
2.352361780185018
2.352275028928968
2.3521882978487296
2.3521015869223896
2.3520148961280785
2.351928225443971
2.3518415748482906
2.351754944319305
2.3516683338353266
2.3515817433747133
2.351495172915867
2.351408622437235
2.3513220919173103
2.351235581334631
2.351149090667776
2.351062619895372
2.3509761689960893
2.350889737948641
2.350803326731785
2.350716935324322
2.3506305637050975
2.350544211852999
2.35045787974696
2.3503715673659547
2.350285274689001
2.350199001695162
2.3501127483635376
2.3500265146732775
2.349940300603571
2.3498541061336486
2.3497679312427855
2.3496817759102964
2.3495956401155413
2.349509523837919
2.349423427056873
2.349337349751884
2.349251291902481
2.3491652534882297
2.3490792344887375
2.348993234883654
2.3489072546526697
2.348821293775517
2.3487353522319663
2.3486494300018315
2.348563527064966
2.3484776434012633
2.348391778990657
2.3483059338131236
2.348220107848676
2.3481343010773688
2.3480485134792977
2.347962745034596
2.347876995723438
2.347791265526038
2.3477055544226473
2.347619862393559
2.3475341894191026
2.347448535479649
2.347362900555609
2.3472772846274306
2.3471916876756
2.347106109680643
2.3470205506231228
2.3469350104836426
2.3468494892428424
2.346763986881402
2.346678503380039
2.3465930387195053
2.3465075928805956
2.3464221658441384
2.3463367575910024
2.3462513681020947
2.3461659973583573
2.346080645340769
2.345995312030348
2.3459099974081496
2.3458247014552636
2.3457394241528196
2.345654165481981
2.3455689254239496
2.345483703959965
2.345398501071301
2.345313316739268
2.345228150945214
2.345143003670523
2.345057874896613
2.344972764604939
2.3448876727769936
2.344802599394302
2.344717544438426
2.3446325078909647
2.344547489733551
2.3444624899478548
2.344377508515578
2.3442925454184596
2.3442076006382746
2.3441226741568317
2.3440377659559752
2.3439528760175827
2.3438680043235665
2.3437831508558755
2.3436983155964906
2.343613498527428
2.343528699630739
2.3434439188885072
2.343359156282853
2.343274411795927
2.343189685409918
2.3431049771070445
2.3430202868695607
2.3429356146797544
2.3428509605199466
2.3427663243724903
2.3426817062197745
2.34259710604422
2.3425125238282805
2.342427959554442
2.342343413205225
2.3422588847631833
2.3421743742109014
2.3420898815309967
2.3420054067061207
2.341920949718956
2.3418365105522185
2.3417520891886547
2.3416676856110454
2.3415832998022017
2.3414989317449697
2.341414581422224
2.3413302488168735
2.3412459339118565
2.341161636690145
2.341077357134742
2.3409930952286806
2.340908850955027
2.3408246242968795
2.3407404152373656
2.340656223759645
2.3405720498469074
2.3404878934823747
2.3404037546493
2.3403196333309664
2.3402355295106876
2.3401514431718073
2.3400673742977025
2.3399833228717775
2.339899288877469
2.3398152722982446
2.3397312731176
2.339647291319061
2.3395633268861866
2.339479379802561
2.339395450051802
2.3393115376175575
2.339227642483503
2.339143764633345
2.3390599040508193
2.33897606071969
2.3388922346237524
2.3388084257468296
2.3387246340727765
2.3386408595854746
2.338557102268835
2.3384733621068
2.338389639083338
2.3383059331824474
2.3382222443881555
2.33813857268452
2.3380549180556223
2.3379712804855775
2.337887659958528
2.3378040564586433
2.337720469970122
2.3376369004771913
2.3375533479641057
2.3374698124151485
2.3373862938146313
2.3373027921468936
2.337219307396302
2.337135839547252
2.3370523885841665
2.3369689544914936
2.3368855372537145
2.336802136855334
2.336718753280886
2.336635386514929
2.3365520365420505
2.336468703346869
2.3363853869140248
2.3363020872281877
2.336218804274053
2.3361355380363453
2.336052288499815
2.335969055649238
2.335885839469419
2.3358026399451894
2.335719457061406
2.335636290802952
2.3355531411547394
2.3354700081017032
2.335386891628807
2.3353037917210395
2.33522070836342
2.335137641540987
2.3350545912388085
2.3349715574419796
2.3348885401356188
2.3348055393048726
2.3347225549349115
2.3346395870109355
2.334556635518164
2.3344737004418477
2.3343907817672607
2.334307879479703
2.334224993564499
2.3341421240069997
2.3340592707925802
2.3339764339066416
2.33389361333461
2.3338108090619354
2.3337280210740965
2.333645249356593
2.3335624938949517
2.333479754674723
2.3333970316814816
2.3333143249008303
2.3332316343183925
2.3331489599198187
2.3330663016907844
2.332983659616988
2.332901033684151
2.3328184238780207
2.3327358301843706
2.332653252588995
2.3325706910777155
2.3324881456363764
2.3324056162508464
2.332323102907016
2.3322406055908025
2.332158124288146
2.332075658985011
2.3319932096673845
2.331910776321277
2.3318283589327256
2.331745957487788
2.331663571972546
2.3315812023731053
2.331498848675594
2.3314165108661657
2.3313341889309935
2.3312518828562774
2.3311695926282407
2.3310873182331275
2.331005059657206
2.3309228168867673
2.3308405899081253
2.330758378707615
2.3306761832715974
2.3305940035864565
2.330511839638595
2.3304296914144422
2.3303475589004474
2.3302654420830846
2.3301833409488486
2.3301012554842573
2.3300191856758516
2.329937131510192
2.3298550929738657
2.3297730700534793
2.3296910627356597
2.3296090710070603
2.3295270948543534
2.329445134264235
2.3293631892234226
2.329281259718653
2.32919934573669
2.329117447264315
2.3290355642883345
2.328953696795571
2.328871844772875
2.328790008207114
2.3287081870851796
2.328626381393985
2.3285445911204627
2.3284628162515686
2.328381056774278
2.32829931267559
2.3282175839425223
2.3281358705621167
2.328054172521432
2.3279724898075522
2.3278908224075794
2.327809170308637
2.3277275334978733
2.327645911962451
2.3275643056895574
2.327482714666401
2.327401138880209
2.3273195783182303
2.327238032967734
2.3271565028160106
2.3270749878503714
2.326993488058146
2.3269120034266866
2.326830533943364
2.3267490795955705
2.326667640370719
2.326586216256242
2.3265048072395915
2.3264234133082407
2.3263420344496826
2.326260670651429
2.326179321901014
2.3260979881859902
2.326016669493929
2.3259353658124247
2.325854077129088
2.325772803431553
2.3256915447074693
2.325610300944509
2.3255290721303643
2.3254478582527436
2.325366659299377
2.3252854752580174
2.3252043061164303
2.325123151862405
2.32504201248375
2.324960887968292
2.3248797783038757
2.3247986834783676
2.324717603479653
2.3246365382956333
2.3245554879142323
2.324474452323391
2.3243934315110724
2.324312425465254
2.3242314341739343
2.324150457625133
2.3240694958068833
2.3239885487072414
2.3239076163142802
2.323826698616093
2.32374579560079
2.3236649072565005
2.3235840335713718
2.323503174533571
2.3234223301312835
2.323341500352712
2.323260685186078
2.3231798846196234
2.3230990986416047
2.323018327240299
2.322937570404001
2.322856828121023
2.3227761003796954
2.3226953871683698
2.32261468847541
2.3225340042892038
2.3224533345981544
2.3223726793906807
2.322292038655223
2.3222114123802378
2.3221308005541985
2.322050203165599
2.3219696202029474
2.3218890516547726
2.3218084975096183
2.321727957756048
2.321647432382643
2.3215669213780004
2.3214864247307356
2.3214059424294806
2.3213254744628853
2.3212450208196183
2.3211645814883637
2.3210841564578244
2.3210037457167183
2.320923349253782
2.320842967057768
2.3207625991174505
2.320682245421613
2.3206019059590632
2.3205215807186232
2.320441269689129
2.320360972859438
2.320280690218423
2.3202004217549734
2.320120167457995
2.3200399273164107
2.3199597013191613
2.3198794894552015
2.3197992917135037
2.319719108083061
2.319638938552877
2.319558783111976
2.3194786417493956
2.3193985144541927
2.3193184012154413
2.3192383020222254
2.3191582168636553
2.3190781457288483
2.3189980886069432
2.318918045487096
2.318838016358474
2.318758001210264
2.3186780000316696
2.3185980128119095
2.318518039540216
2.318438080205841
2.318358134798052
2.318278203306131
2.318198285719377
2.3181183820271034
2.3180384922186414
2.3179586162833363
2.3178787542105503
2.3177989059896627
2.317719071610066
2.317639251061169
2.317559444332397
2.3174796514131892
2.3173998722930036
2.3173201069613105
2.317240355407597
2.3171606176213673
2.3170808935921365
2.31700118330944
2.3169214867628254
2.316841803941858
2.3167621348361176
2.316682479435197
2.3166028377287087
2.316523209706277
2.3164435953575424
2.316363994672159
2.3162844076397993
2.3162048342501493
2.31612527449291
2.316045728357796
2.315966195834539
2.3158866769128843
2.3158071715825934
2.315727679833442
2.3156482016552196
2.315568737037732
2.3154892859708003
2.315409848444258
2.315330424447955
2.315251013971756
2.3151716170055407
2.315092233539202
2.3150128635626483
2.3149335070658035
2.3148541640386027
2.314774834471001
2.314695518352962
2.3146162156744685
2.3145369264255145
2.3144576505961085
2.3143783881762783
2.314299139156059
2.3142199035255047
2.3141406812746816
2.314061472393672
2.31398227687257
2.3139030947014865
2.313823925870544
2.31374477036988
2.313665628189648
2.313586499320014
2.3135073837511575
2.3134282814732705
2.3133491924765632
2.3132701167512573
2.3131910542875893
2.313112005075807
2.3130329691061764
2.312953946368972
2.3128749368544885
2.3127959405530283
2.31271695745491
2.3126379875504672
2.3125590308300454
2.312480087284005
2.312401156902718
2.3123222396765724
2.3122433355959693
2.3121644446513216
2.3120855668330575
2.3120067021316175
2.311927850537456
2.311849012041041
2.3117701866328546
2.3116913743033907
2.3116125750431573
2.311533788842676
2.311455015692482
2.3113762555831223
2.311297508505159
2.311218774449167
2.3111400534057314
2.311061345365455
2.31098265031895
2.3109039682568437
2.3108252991697773
2.310746643048402
2.3106679998833837
2.310589369665403
2.310510752385151
2.3104321480333323
2.3103535566006648
2.31027497807788
2.310196412455722
2.310117859724945
2.3100393198763185
2.3099607929006254
2.30988227878866
2.309803777531229
2.309725289119153
2.3096468135432655
2.30956835079441
2.3094899008634453
2.309411463741243
2.3093330394186857
2.309254627886669
2.3091762291361015
2.3090978431579035
2.3090194699430073
2.3089411094823586
2.3088627617669166
2.3087844267876516
2.3087061045355455
2.308627795001595
2.308549498176806
2.3084712140521986
2.308392942618805
2.3083146838676694
2.3082364377898483
2.3081582043764106
2.3080799836184362
2.308001775507019
2.3079235800332625
2.3078453971882857
2.3077672269632177
2.3076890693491974
2.307610924337381
2.3075327919189315
2.307454672085027
2.3073765648268574
2.307298470135623
2.3072203880025373
2.3071423184188253
2.307064261375722
2.3069862168644772
2.306908184876352
2.306830165402617
2.3067521584345565
2.306674163963467
2.3065961819806557
2.30651821247744
2.3064402554451515
2.3063623108751337
2.30628437875874
2.3062064590873357
2.306128551852297
2.306050657045014
2.3059727746568863
2.3058949046793247
2.3058170471037527
2.3057392019216056
2.3056613691243295
2.305583548703382
2.305505740650232
2.305427944956358
2.305350161613252
2.305272390612419
2.3051946319453713
2.305116885603635
2.305039151578746
2.304961429862253
2.3048837204457153
2.304806023320702
2.304728338478795
2.304650665911588
2.304573005610684
2.3044953575676983
2.304417721774256
2.304340098221994
2.3042624869025614
2.304184887807617
2.3041073009288304
2.3040297262578835
2.3039521637864677
2.3038746135062853
2.3037970754090504
2.3037195494864893
2.3036420357303338
2.303564534132333
2.3034870446842435
2.303409567377834
2.3033321022048825
2.3032546491571786
2.303177208226522
2.3030997794047257
2.3030223626836093
2.302944958055006
2.3028675655107596
2.302790185042722
2.3027128166427584
2.3026354603027435
2.3025581160145627
2.3024807837701124
2.302403463561298
2.302326155380039
2.30224885921826
2.3021715750679004
2.302094302920909
2.3020170427692443
2.301939794604875
2.3018625584197827
2.3017853342059547
2.301708121955392
2.301630921660106
2.301553733312118
2.301476556903459
2.301399392426171
2.3013222398723054
2.301245099233924
2.3011679705030996
2.3010908536719152
2.3010137487324642
2.300936655676846
2.3008595744971765
2.3007825051855773
2.300705447734183
2.300628402135136
2.30055136838059
2.3004743464627073
2.3003973363736625
2.300320338105638
2.300243351650827
2.3001663770014344
2.3002251346557494
2.3005182491062346
2.3008112169453874
2.301104038318432
2.301396713370374
2.301689242246004
2.3019816250898932
2.3022738620463974
2.302565953259655
2.30285789887359
2.3031496990319114
2.303441353878107
2.3037328635554544
2.3040242282070156
2.30431544797564
2.3046065230039634
2.304897453434407
2.305188239409182
2.3054788810702855
2.3057693785594986
2.306059732018401
2.306349941588358
2.3066400074105236
2.3069299296258436
2.3072197083750488
2.307509343798666
2.3077988360370116
2.3080881852301927
2.308377391518113
2.3086664550404623
2.308955375936726
2.309244154346185
2.3095327904079115
2.309821284260772
2.3101096360434275
2.3103978458943386
2.3106859139517546
2.3109738403537246
2.3112616252380924
2.3115492687425
2.3118367710043852
2.3121241321609847
2.3124113523493297
2.3126984317062527
2.3129853703683856
2.313272168472158
2.3135588261538036
2.313845343549345
2.314131720794612
2.314417958025236
2.314704055376645
2.314990012984074
2.3152758309825585
2.315561509506932
2.3158470486918357
2.3161324486717065
2.3164177095807923
2.3167028315531466
2.3169878147226224
2.317272659222877
2.317557365187375
2.3178419327493858
2.318126362041982
2.3184106531980433
2.3186948063502597
2.3189788216311245
2.3192626991729393
2.3195464391078118
2.3198300415676596
2.320113506684209
2.320396834588993
2.320680025413357
2.320963079288453
2.321245996345244
2.3215287767145023
2.3218114205268137
2.322093927912571
2.3223762990019825
2.322658533925066
2.3229406328116506
2.3232225957913792
2.323504422993708
2.323786114547909
2.3240676705830645
2.324349091228068
2.3246303766116307
2.3249115268622766
2.3251925421083466
2.3254734224779985
2.325754168099202
2.326034779099746
2.3263152556072324
2.3265955977490793
2.3268758056525325
2.327155879444646
2.327435819252293
2.3277156252021665
2.3279952974207774
2.328274836034454
2.328554241169348
2.3288335129514253
2.329112651506477
2.3293916569601114
2.3296705294377587
2.329949269064669
2.3302278759659147
2.3305063502663916
2.330784692090814
2.3310629015637203
2.3313409788094726
2.331618923952255
2.331896737116076
2.332174418424767
2.3324519680019837
2.332729385971209
2.3330066724557437
2.333283827578721
2.3335608514630954
2.3338377442316514
2.334114506007
2.3343911369115693
2.334667637067621
2.334944006597243
2.33522024562235
2.3354963542646896
2.33577233264583
2.3360481808871705
2.3363238991099418
2.3365994874351945
2.336874945983825
2.337150274876547
2.337425474233912
2.337700544176295
2.3379754848239056
2.338250296296782
2.3385249787147964
2.3387995321976502
2.339073956864878
2.3393482528358494
2.3396224202297606
2.339896459165647
2.340170369762374
2.3404441521386405
2.3407178064129788
2.340991332703759
2.341264731129181
2.341538001807284
2.3418111448559404
2.3420841603928557
2.3423570485355762
2.34262980940148
2.3429024431077847
2.3431749497715413
2.3434473295096407
2.3437195824388084
2.3439917086756155
2.344263708336461
2.3445355815375843
2.344807328395066
2.3450789490248236
2.345350443542617
2.34562181206404
2.3458930547045314
2.346164171579367
2.3464351628036617
2.3467060284923758
2.3469767687603085
2.3472473837221
2.347517873492233
2.3477882381850304
2.348058477914659
2.3483285927951263
2.3485985829402822
2.3488684484638216
2.3491381894792824
2.3494078061000434
2.349677298439332
2.3499466666102147
2.3502159107256078
2.350485030898266
2.3507540272407956
2.3510228998656424
2.3512916488851037
2.3515602744113187
2.351828776556273
2.3520971554318004
2.352365411149579
2.3526335438211383
2.35290155355785
2.353169440470936
2.3534372046714678
2.353704846270364
2.353972365378391
2.354239762106163
2.3545070365641414
2.35477418886264
2.355041219111824
2.355308127421704
2.3555749139021427
2.355841578662854
2.3561081218134006
2.356374543463194
2.356640843721506
2.3569070226974547
2.3571730805000075
2.357439017237987
2.3577048330200676
2.3579705279547754
2.3582361021504887
2.358501555715441
2.3587668887577182
2.3590321013852606
2.3592971937058596
2.359562165827165
2.359827017856678
2.360091749901755
2.36035636206961
2.360620854467309
2.360885227201774
2.3611494803797832
2.3614136141079713
2.36167762849283
2.361941523640706
2.3622052996578047
2.362468956650188
2.3627324947237724
2.3629959139843364
2.363259214537513
2.363522396488801
2.3637854599435455
2.364048405006956
2.3643112317840997
2.364573940379904
2.3648365308991575
2.3650990034465056
2.365361358126455
2.3656235950433717
2.365885714301477
2.366147716004866
2.366409600257487
2.366671367163149
2.3669330168255236
2.367194549348145
2.367455964834409
2.3677172633875703
2.367978445110749
2.3682395101069282
2.3685004584789526
2.3687612903295294
2.3690220057612335
2.369282604876496
2.3695430877776187
2.3698034545667666
2.370063705345965
2.370323840217107
2.3705838592819513
2.370843762642119
2.371103550399099
2.371363222654242
2.37162277950877
2.3718822210637693
2.3721415474201906
2.3724007586788503
2.372659854940434
2.3729188363055007
2.373177702874465
2.373436454747612
2.373695092025096
2.373953614806941
2.3742120231930377
2.3744703172831443
2.3747284971768905
2.3749865629737723
2.3752445147731507
2.375502352674265
2.375760076776221
2.3760176871779946
2.3762751839784286
2.3765325672762403
2.376789837170014
2.3770469937582064
2.377304037139146
2.3775609674110316
2.3778177846719313
2.3780744890197894
2.3783310805524187
2.3785875593675034
2.3788439255626033
2.37910017923515
2.3793563204824477
2.379612349401671
2.3798682660898693
2.380124070643969
2.3803797631607635
2.380635343736926
2.3808908124690005
2.381146169453408
2.3814014147864415
2.3816565485642696
2.3819115708829366
2.3821664818383628
2.3824212815263457
2.38267597004255
2.382930547482525
2.3831850139416915
2.383439369515345
2.3836936142986667
2.3839477483867024
2.3842017718743818
2.3844556848565297
2.3847094874278576
2.3849631796828805
2.3852167617160385
2.385470233621647
2.385723595493903
2.3859768474268797
2.3862299895145282
2.3864830218506787
2.3867359445290437
2.386988757643211
2.3872414612866524
2.387494055552715
2.3877465405346268
2.387998916325497
2.3882511830183155
2.388503340705953
2.3887553894811577
2.3890073294365637
2.389259160664682
2.389510883257908
2.3897624973085168
2.3900140029086656
2.390265400150393
2.3905166891256227
2.390767869926157
2.391018942643683
2.3912699073697716
2.3915207641958736
2.391771513213326
2.392022154513348
2.392272688187041
2.392523114325393
2.3927734330192747
2.3930236443594395
2.3932737484365285
2.3935237453410636
2.3937736351634533
2.3940234179939925
2.39427309392286
2.3945226630401186
2.394772125435722
2.395021481199501
2.39527073042118
2.395519873190366
2.3957689095965544
2.3960178397291227
2.3962666636773418
2.396515381530364
2.3967639933772316
2.397012499306877
2.3972608994081126
2.3975091937696433
2.397757382480062
2.398005465627848
2.3982534433013716
2.398501315588889
2.398749082578546
2.398996744358375
2.399244301016301
2.3994917526401403
2.3997390993175913
2.3999863411362483
2.400233478183591
2.4004805105469926
2.400727438313714
2.400974261570909
2.40122098040562
2.401467594904779
2.401714105155212
2.401960511243634
2.4022068132566523
2.402453011280766
2.4026991054023643
2.4029450957077296
2.4031909822830344
2.4034367652143467
2.403682444587625
2.403928020488718
2.4041734930033716
2.4044188622172227
2.4046641282158014
2.4049092910845298
2.405154350908726
2.4053993077736
2.4056441617642554
2.4058889129656893
2.406133561462796
2.406378107340361
2.4066225506830654
2.406866891575484
2.407111130102091
2.4073552663472486
2.4075993003952196
2.407843232330161
2.408087062236126
2.4083307901970588
2.408574416296806
2.4088179406191084
2.4090613632475977
2.40930468426581
2.4095479037571734
2.4097910218050176
2.410034038492562
2.410276953902928
2.4105197681191313
2.4107624812240904
2.4110050933006155
2.411247604431418
2.411490014699106
2.4117323241861874
2.4119745329750675
2.4122166411480475
2.4124586487873323
2.412700555975022
2.412942362793117
2.4131840693235143
2.413425675648015
2.4136671818483166
2.4139085880060156
2.414149894202611
2.4143911005195022
2.4146322070379846
2.4148732138392557
2.4151141210044167
2.4153549286144673
2.4155956367503055
2.415836245492732
2.4160767549224524
2.4163171651200672
2.4165574761660826
2.4167976881409072
2.4170378011248452
2.4172778151981116
2.4175177304408173
2.417757546932977
2.41799726475451
2.4182368839852346
2.418476404704875
2.4187158269930555
2.418955150929306
2.4191943765930572
2.4194335040636465
2.4196725334203117
2.419911464742195
2.4201502981083443
2.4203890335977096
2.420627671289148
2.420866211261415
2.421104653593178
2.4213429983630035
2.421581245649366
2.4218193955306426
2.422057448085116
2.422295403390974
2.422533261526314
2.422771022569134
2.4230086865973384
2.42324625368874
2.423483723921056
2.42372109737191
2.4239583741188313
2.424195554239257
2.42443263781053
2.424669624909901
2.4249065156145253
2.4251433100014674
2.4253800081476977
2.4256166101300964
2.4258531160254497
2.426089525910451
2.4263258398617014
2.426562057955712
2.4267981802689
2.427034206877591
2.4272701378580215
2.427505973286333
2.4277417132385795
2.4279773577907187
2.4282129070186236
2.428448360998072
2.4286837198047535
2.4289189835142664
2.4291541522021176
2.4293892259437246
2.4296242048144143
2.4298590888894247
2.4300938782439037
2.4303285729529103
2.4305631730914095
2.430797678734283
2.431032089956321
2.4312664068322225
2.4315006294366004
2.431734757843977
2.431968792128788
2.432202732365381
2.432436578628008
2.432670330990845
2.4329039895279685
2.4331375543133755
2.4333710254209673
2.433604402924565
2.433837686897898
2.434070877414609
2.4343039745482544
2.4345369783723028
2.4347698889601355
2.4350027063850477
2.435235430720249
2.4354680620388574
2.4357006004139103
2.435933045918357
2.4361653986250604
2.436397658606796
2.4366298259362567
2.436861900686046
2.437093882928685
2.437325772736607
2.4375575701821615
2.437789275337612
2.438020888275135
2.4382524090668287
2.4384838377846982
2.4387151745006697
2.4389464192865815
2.4391775722141893
2.4394086333551654
2.4396396027810945
2.439870480563483
2.440101266773747
2.4403319614832255
2.440562564763166
2.44079307668474
2.4410234973190326
2.4412538267370447
2.4414840650096945
2.4417142122078204
2.4419442684021755
2.442174233663427
2.442404108062165
2.4426338916688937
2.4428635845540394
2.4430931867879417
2.4433226984408583
2.443552119582966
2.443781450284363
2.4440106906150625
2.444239840644995
2.4444689004440145
2.444697870081889
2.444926749628306
2.445155539152874
2.44538423872512
2.445612848414488
2.445841368290346
2.4460697984219766
2.4462981388785865
2.4465263897292973
2.4467545510431545
2.446982622889122
2.4472106053360836
2.4474384984528443
2.44766630230813
2.4478940169705834
2.4481216425087733
2.448349178991186
2.4485766264862274
2.4488039850622276
2.4490312547874367
2.449258435730024
2.449485527958082
2.4497125315396273
2.449939446542595
2.450166273034844
2.4503930110841483
2.45061966075821
2.4508462221246536
2.4510726952510224
2.4512990802047856
2.451525377053331
2.451751585863973
2.451977706703945
2.4522037396404026
2.4524296847404314
2.452655542071036
2.452881311699142
2.4531069936916023
2.453332588115189
2.4535580950365996
2.453783514522454
2.4540088466393004
2.454234091453606
2.4544592490317636
2.454684319440088
2.4549093027448223
2.455134199012133
2.45535900830811
2.455583730698766
2.45580836625004
2.4560329150277953
2.4562573770978244
2.4564817525258373
2.4567060413774744
2.4569302437183027
2.457154359613808
2.457378389129408
2.4576023323304415
2.457826189282176
2.4580499600498027
2.4582736446984432
2.4584972432931376
2.4587207558988595
2.4589441825805034
2.459167523402895
2.4593907784307834
2.4596139477288443
2.4598370313616797
2.460060029393822
2.460282941889727
2.460505768913778
2.460728510530287
2.460951166803491
2.4611737377975564
2.4613962235765774
2.4616186242045743
2.461840939745497
2.4620631702632187
2.462285315821546
2.4625073764842123
2.462729352314877
2.4629512433771303
2.4631730497344875
2.4633947714503956
2.463616408588229
2.4638379612112917
2.4640594293828135
2.4642808131659564
2.464502112623811
2.4647233278193963
2.464944458815659
2.465165505675479
2.465386468461661
2.465607347236943
2.46582814206399
2.4660488530054008
2.4662694801236973
2.466490023481339
2.46671048314071
2.466930859164127
2.4671511516138374
2.467371360552019
2.467591486040777
2.4678115281421484
2.4680314869181066
2.4682513624305487
2.4684711547413047
2.468690863912138
2.468910490004738
2.4691300330807304
2.469349493201672
2.4695688704290473
2.4697881648242763
2.4700073764487085
2.4702265053636254
2.4704455516302404
2.4706645153096995
2.4708833964630794
2.4711021951513885
2.4713209114355705
2.471539545376502
2.4717580970349866
2.4719765664717634
2.472194953747506
2.4724132589228196
2.47263148205824
2.472849623214239
2.4730676824512186
2.4732856598295174
2.473503555409405
2.4737213692510833
2.4739391014146923
2.4741567519603
2.474374320947912
2.4745918084374647
2.47480921448883
2.475026539161814
2.4752437825161566
2.4754609446115308
2.475678025507545
2.4758950252637426
2.476111943939598
2.476328781594526
2.4765455382878696
2.4767622140789114
2.476978809026866
2.4771953231908856
2.4774117566300524
2.477628109403389
2.4778443815698514
2.4780605731883307
2.478276684317653
2.4784927150165803
2.4787086653438104
2.478924535357976
2.479140325117647
2.479356034681328
2.479571664107459
2.4797872134544194
2.48000268278052
2.4802180721440115
2.4804333816030777
2.4806486112158432
2.4808637610403643
2.481078831134638
2.481293821556594
2.481508732364104
2.4817235636149717
2.481938315366942
2.4821529876776918
2.4823675806048398
2.482582094205939
2.4827965285384805
2.4830108836598956
2.4832251596275503
2.4834393564987467
2.483653474330731
2.4838675131806776
2.4840814731057077
2.4842953541628776
2.4845091564091777
2.4847228799015424
2.4849365246968396
2.485150090851879
2.4853635784234083
2.4855769874681135
2.485790318042617
2.486003570203483
2.486216744007212
2.4864298395102438
2.4866428567689582
2.486855795839674
2.487068656778651
2.4872814396420844
2.4874941444861114
2.4877067713668075
2.487919320340187
2.488131791462206
2.488344184788755
2.4885565003756738
2.4887687382787345
2.488980898553651
2.4891929812560756
2.4894049864416057
2.489616914165773
2.4898287644840558
2.4900405374518657
2.4902522331245596
2.4904638515574335
2.4906753928057244
2.4908868569246105
2.491098243969209
2.4913095539945807
2.491520787055724
2.491731943207578
2.4919430225050285
2.4921540250028973
2.4923649507559498
2.4925757998188947
2.492786572246376
2.4929972680929846
2.4932078874132526
2.4934184302616504
2.4936288966925937
2.493839286760441
2.494049600519488
2.494259838023976
2.494469999328088
2.4946800844859487
2.4948900935516254
2.495100026579127
2.4953098836224057
2.4955196647353564
2.4957293699718153
2.4959389993855647
2.4961485530303253
2.496358030959765
2.49656743322749
2.4967767598870556
2.4969860109919533
2.497195186595622
2.497404286751444
2.497613311512744
2.4978222609327894
2.498031135064792
2.4982399339619077
2.498448657677235
2.4986573062638175
2.4988658797746437
2.4990743782626397
2.4992828017806827
2.499491150381591
2.4996994241181283
2.4999076230430006
2.50011574720886
2.5003237966683014
2.500531771473868
2.500739671678043
2.5009474973332546
2.5011552484918793
2.501362925206236
2.5015705275285884
2.501778055511146
2.5019855092060603
2.5021928886654323
2.5024001939413063
2.5026074250856727
2.502814582150467
2.5030216651875685
2.503228674248802
2.5034356093859422
2.5036424706507034
2.5038492580947485
2.5040559717696858
2.504262611727072
2.504469178018406
2.5046756706951356
2.5048820898086532
2.5050884354102974
2.5052947075513536
2.5055009062830518
2.5057070316565704
2.505913083723035
2.506119062533516
2.506324968139031
2.5065308005905425
2.5067365599389637
2.506942246235152
2.5071478595299124
2.5073533998739963
2.5075588673181035
2.507764261912879
2.507969583708916
2.508174832756756
2.508380009106886
2.5085851128097434
2.50879014391571
2.508995102475116
2.5091999885382403
2.509404802155309
2.509609543376497
2.5098142122519245
2.5100188088316626
2.510223333165727
2.510427785304085
2.5106321652966503
2.510836473193283
2.5110407090437987
2.5112448728979526
2.511448964805453
2.511652984815958
2.5118569329790685
2.51206080934434
2.5122646139612756
2.5124683468793254
2.5126720081478884
2.5128755978163126
2.5130791159338965
2.5132825625498905
2.513485937713485
2.5136892414738274
2.513892473880014
2.5140956349810892
2.5142987248260433
2.5145017434638235
2.514704690943319
2.5149075673133736
2.515110372622778
2.5153131069202757
2.5155157702545576
2.5157183626742663
2.5159208842279925
2.5161233349642784
2.516325714931615
2.516528024178445
2.5167302627531614
2.5169324307041068
2.5171345280795747
2.5173365549278066
2.517538511296999
2.5177403972352965
2.5179422127907944
2.518143958011539
2.5183456329455267
2.518547237640708
2.518748772144981
2.518950236506194
2.5191516307721513
2.5193529549906017
2.51955420920925
2.519755393475753
2.519956507837714
2.520157552342694
2.5203585270382
2.5205594319716935
2.5207602671905858
2.5209610327422443
2.5211617286739814
2.521362355033067
2.521562911866719
2.5217633992221082
2.5219638171463616
2.522164165686552
2.5223644448897087
2.5225646548028107
2.5227647954727908
2.5229648669465337
2.5231648692708766
2.52336480249261
2.5235646666584755
2.5237644618151656
2.523964188009331
2.52416384528757
2.524363433696436
2.5245629532824365
2.5247624040920296
2.524961786171626
2.5251610995675917
2.5253603443262507
2.525559520493866
2.525758628116663
2.5259576672408204
2.52615663791247
2.526355540177694
2.526554374082533
2.5267531396729783
2.526951836994975
2.5271504660944153
2.5273490270171584
2.5275475198090103
2.5277459445157318
2.5279443011830365
2.528142589856594
2.5283408105820278
2.5285389634049116
2.5287370483707767
2.52893506552511
2.52913301491335
2.529330896580889
2.5295287105730777
2.5297264569352165
2.529924135712563
2.5301217469503294
2.530319290693683
2.530516766987742
2.530714175877586
2.5309115174082444
2.5311087916247015
2.5313059985719004
2.531503138294736
2.531700210838059
2.531897216246676
2.532094154565349
2.5322910258387927
2.5324878301116813
2.532684567428643
2.5328812378342564
2.5330778413730615
2.533274378089554
2.5334708480281813
2.533667251233351
2.533863587749422
2.5340598576207127
2.5342560608914946
2.5344521976059973
2.5346482678084055
2.534844271542858
2.535040208853454
2.5352360797842457
2.5354318843792436
2.53562762268241
2.535823294737669
2.536018900588899
2.536214440279936
2.5364099138545684
2.536605321356545
2.5368006628295707
2.5369959383173053
2.537191147863368
2.5373862915113348
2.537581369304735
2.537776381287058
2.5379713275017504
2.538166207992213
2.538361022801805
2.5385557719738436
2.538750455551604
2.5389450735783172
2.5391396260971706
2.539334113151312
2.5395285347838414
2.5397228910378233
2.539917181956275
2.5401114075821716
2.540305567958448
2.5404996631279944
2.5406936931336617
2.5408876580182542
2.54108155782454
2.541275392595239
2.5414691623730326
2.541662867200561
2.5418565071204178
2.5420500821751615
2.542243592407305
2.542437037859318
2.5426304185736326
2.5428237345926354
2.5430169859586753
2.5432101727140566
2.54340329490104
2.5435963525618503
2.543789345738669
2.543982274473634
2.5441751388088445
2.5443679387863587
2.544560674448193
2.5447533458363205
2.5449459529926752
2.5451384959591503
2.5453309747775994
2.5455233894898317
2.5457157401376205
2.545908026762691
2.546100249406736
2.5462924081114027
2.546484502918298
2.54667653386899
2.5468685010050045
2.5470604043678287
2.5472522439989076
2.547444019939648
2.5476357322314147
2.547827380915531
2.548018966033283
2.5482104876259135
2.5484019457346307
2.5485933404005956
2.5487846716649347
2.548975939568733
2.549167144153034
2.5493582854588444
2.5495493635271274
2.54974037839881
2.549931330114776
2.550122218715872
2.5503130442429076
2.550503806736648
2.5506945062378215
2.550885142787115
2.5510757164251796
2.551266227192625
2.551456675130019
2.5516470602778942
2.551837382676742
2.55202764236702
2.552217839389136
2.5524079737834677
2.552598045590351
2.5527880548500823
2.5529780016029204
2.5531678858890854
2.5533577077487557
2.5535474672220744
2.5537371643491467
2.5539267991700356
2.5541163717247666
2.5543058820533298
2.5544953301956728
2.5546847161917072
2.554874040081305
2.5550633019043
2.555252501700489
2.5554416395096298
2.555630715371442
2.555819729325606
2.5560086814117677
2.55619757166953
2.5563864001384617
2.556575166858092
2.556763871867913
2.5569525152073767
2.5571410969159025
2.5573296170328663
2.5575180755976104
2.5577064726494383
2.5578948082276143
2.558083082371366
2.5582712951198845
2.558459446512323
2.5586475365877988
2.5588355653853876
2.5590235329441344
2.5592114393030396
2.5593992845010707
2.559587068577159
2.559774791570195
2.5599624535190353
2.5601500544625
2.5603375944393685
2.5605250734883853
2.5607124916482578
2.5608998489576593
2.5610871454552218
2.5612743811795444
2.5614615561691867
2.5616486704626733
2.5618357240984913
2.562022717115092
2.562209649550892
2.562396521444268
2.5625833328335603
2.562770083757076
2.562956774253084
2.563143404359815
2.563329974115471
2.563516483558207
2.563702932726152
2.56388932165739
2.5640756503899755
2.5642619189619267
2.564448127411221
2.5646342757758043
2.5648203640935847
2.565006392402436
2.565192360740194
2.565378269144659
2.5655641176536004
2.565749906304746
2.5659356351357925
2.566121304184396
2.566306913488182
2.5664924630847388
2.5666779530116184
2.5668633833063375
2.5670487540063793
2.56723406514919
2.5674193167721806
2.56760450891273
2.567789641608176
2.5679747148958287
2.5681597288129576
2.568344683396799
2.5685295786845534
2.5687144147133885
2.568899191520435
2.5690839091427895
2.5692685676175144
2.5694531669816363
2.5696377072721464
2.5698221885260053
2.5700066107801356
2.570190974071425
2.5703752784367286
2.570559523912865
2.57074371053662
2.570927838344746
2.571111907373958
2.571295917660937
2.5714798692423346
2.5716637621547616
2.5718475964348
2.572031372118994
2.5722150892438536
2.572398747845857
2.572582347961448
2.572765889627037
2.5729493728789974
2.5731327977536735
2.5733161642873714
2.5734994725163656
2.573682722476895
2.573865914205167
2.5740490477373568
2.5742321231096024
2.574415140358006
2.5745980995186435
2.574781000627551
2.5749638437207385
2.575146628834174
2.5753293560037966
2.5755120252655113
2.5756946366551903
2.575877190208672
2.5760596859617615
2.5762421239502324
2.5764245042098217
2.576606826776237
2.576789091685151
2.5769712989722025
2.5771534486729992
2.577335540823117
2.577517575458095
2.577699552613443
2.577881472324635
2.5780633346271147
2.578245139556291
2.578426887147543
2.5786085774362144
2.5787902104576186
2.5789717862470347
2.579153304839709
2.579334766270856
2.579516170575659
2.579697517789267
2.5798788079467996
2.580060041083342
2.5802412172339433
2.5804223364336263
2.5806033987173804
2.5807844041201617
2.5809653526768925
2.5811462444224653
2.581327079391741
2.5815078576195476
2.5816885791406823
2.5818692439899067
2.582049852201954
2.582230403811527
2.582410898853293
2.58259133736189
2.582771719371921
2.5829520449179606
2.5831323140345495
2.5833125267562007
2.5834926831173908
2.583672783152565
2.583852826896141
2.584032814382505
2.5842127456460076
2.5843926207209695
2.5845724396416823
2.5847522024424037
2.584931909157362
2.585111559820753
2.585291154466742
2.5854706931294635
2.5856501758430226
2.585829602641486
2.586008973558898
2.586188288629267
2.586367547886573
2.58654675136476
2.5867258990977486
2.5869049911194257
2.5870840274636433
2.5872630081642285
2.5874419332549747
2.587620802769645
2.5877996167419717
2.5879783752056564
2.5881570781943704
2.5883357257417545
2.588514317881419
2.5886928546469434
2.588871336071877
2.589049762189738
2.589228133034017
2.58940644863817
2.5895847090356257
2.5897629142597833
2.5899410643440097
2.59011915932164
2.590297199225985
2.590475184090321
2.5906531139478957
2.590830988831924
2.5910088087755927
2.591186573812057
2.5913642839744466
2.591541939295857
2.591719539809357
2.5918970855479806
2.592074576544736
2.592252012832604
2.5924293944445314
2.5926067214134383
2.5927839937722124
2.5929612115537135
2.5931383747907715
2.5933154835161867
2.593492537762729
2.593669537563142
2.593846482950135
2.594023373956392
2.5942002106145643
2.5943769929572786
2.5945537210171272
2.594730394826676
2.594907014418459
2.595083579824987
2.5952600910787336
2.5954365482121515
2.595612951257658
2.5957893002476444
2.5959655952144716
2.596141836190473
2.596318023207952
2.596494156299183
2.5966702354964117
2.5968462608318554
2.5970222323377024
2.597198150046111
2.597374013989213
2.59754982419911
2.597725580707875
2.597901283547554
2.598076932750164
2.59825252834769
2.5984280703720914
2.5986035588553005
2.598778993829219
2.5989543753257207
2.5991297033766494
2.5993049780138247
2.5994801992690317
2.5996553671740332
2.599830481760562
2.600005543060319
2.600180551104983
2.6003555059261987
2.6005304075555884
2.600705256024743
2.6008800513652255
2.60105479360857
2.6012294827862856
2.60140411892985
2.6015787020707166
2.6017532322403087
2.6019277094700213
2.602102133791221
2.602276505235249
2.602450823833418
2.6026250896170127
2.602799302617289
2.602973462865478
2.60314757039278
2.603321625230369
2.6034956274093926
2.6036695769609675
2.603843473916187
2.6040173183061164
2.6041911101617905
2.60436484951422
2.604538536394386
2.604712170833241
2.6048857528617155
2.6050592825107075
2.60523275981109
2.60540618479371
2.605579557489384
2.6057528779289028
2.6059261461430325
2.6060993621625097
2.6062725260180435
2.606445637740318
2.6066186973599867
2.6067917049076814
2.606964660414004
2.607137563909529
2.607310415424806
2.607483214990355
2.6076559626366724
2.6078286583942236
2.6080013022934527
2.6081738943647728
2.608346434638573
2.6085189231452146
2.6086913599150328
2.608863744978335
2.6090360783654014
2.609208360106488
2.609380590231827
2.609552768771615
2.6097248957560306
2.6098969712152242
2.610068995179317
2.610240967678407
2.610412888742563
2.6105847584018305
2.6107565766862266
2.610928343625744
2.611100059250349
2.6112717235899807
2.6114433366745518
2.611614898533948
2.611786409198033
2.6119578686966407
2.6121292770595805
2.6123006343166373
2.6124719404975663
2.6126431956320997
2.612814399749943
2.612985552880776
2.613156655054252
2.6133277062999998
2.613498706647621
2.613669656126695
2.61384055476677
2.614011402597374
2.61418219964801
2.6143529459481485
2.614523641527236
2.6146942864146956
2.614864880639925
2.6150354242322984
2.61520591722116
2.6153763596358304
2.6155467515056077
2.6157170928597524
2.615887383727519
2.616057624138126
2.6162278141207698
2.616397953704619
2.6165680429188156
2.616738081792481
2.6169080703547087
2.6170780086345657
2.617247896661096
2.6174177344633187
2.6175875220702274
2.6177572595107885
2.617926946813948
2.618096584008622
2.618266171123705
2.618435708188065
2.6186051952305482
2.618774632279971
2.618944019365128
2.6191133565147897
2.619282643757699
2.6194518811225773
2.6196210686381183
2.6197902063329925
2.6199592942358465
2.620128332375301
2.620297320779954
2.620466259478378
2.6206351484991175
2.6208039878706972
2.620972777621618
2.621141517780348
2.621310208375343
2.6214788494350265
2.6216474409877977
2.6218159830620347
2.62198447568609
2.6221529188882906
2.6223213126969402
2.6224896571403193
2.622657952246685
2.622826198044267
2.622994394561271
2.623162541825882
2.623330639866258
2.623498688710534
2.6236666883868214
2.623834638923204
2.6240025403477483
2.624170392688491
2.624338195973449
2.624505950230613
2.6246736554879497
2.624841311773404
2.6250089191148915
2.6251764775403132
2.625343987077539
2.6255114477544157
2.62567885959877
2.6258462226384007
2.6260135369010875
2.6261808024145825
2.626348019206616
2.6265151873048955
2.626682306737104
2.6268493775308985
2.6270163997139178
2.6271833733137746
2.6273502983580572
2.6275171748743307
2.6276840028901374
2.6278507824329953
2.628017513530401
2.62818419620983
2.628350830498728
2.62851741642452
2.628683954014611
2.628850443296378
2.6290168842971795
2.6291832770443486
2.629349621565195
2.6295159178870025
2.629682166037041
2.6298483660425465
2.630014517930737
2.63018062172881
2.630346677463935
2.63051268516326
2.630678644853914
2.6308445565629994
2.631010420317602
2.631176236144772
2.631342004071545
2.631507724124933
2.6316733963319248
2.6318390207194873
2.6320045973145643
2.632170126144075
2.6323356072349178
2.632501040613963
2.6326664263080697
2.6328317643440693
2.632997054748769
2.633162297548953
2.6333274927713872
2.6334926404428085
2.633657740589938
2.6338227932394704
2.6339877984180773
2.634152756152411
2.634317666469101
2.634482529394752
2.634647344955947
2.6348121131792483
2.6349768340911974
2.63514150771831
2.6353061340870787
2.6354707132239796
2.635635245155461
2.6357997299079505
2.635964167507857
2.636128557981563
2.6362929013554317
2.636457197655803
2.6366214469089946
2.636785649141303
2.636949804379004
2.637113912648347
2.6372779739755647
2.637441988386863
2.6376059559084317
2.6377698765664337
2.6379337503870146
2.6380975773962927
2.6382613576203684
2.638425091085319
2.638588777817202
2.638752417842051
2.638916011185878
2.6390795578746764
2.6392430579344146
2.639406511391039
2.639569918270475
2.6397332785986305
2.6398965924013877
2.640059859704608
2.6402230805341316
2.6403862549157777
2.640549382875343
2.6407124644386046
2.640875499631316
2.6410384884792104
2.6412014310080005
2.6413643272433767
2.6415271772110094
2.6416899809365466
2.6418527384456136
2.6420154497638184
2.642178114916743
2.642340733929952
2.642503306828987
2.642665833639369
2.6428283143865987
2.6429907490961546
2.643153137793495
2.6433154805040555
2.643477777253253
2.6436400280664825
2.6438022329691173
2.643964391986511
2.6441265051439955
2.64428857246688
2.6444505939804577
2.6446125697099974
2.644774499680747
2.644936383917934
2.645098222446767
2.645260015292431
2.645421762480092
2.6455834640348956
2.6457451199819677
2.645906730346416
2.6460682951533157
2.646229814427731
2.6463912881947036
2.6465527164792544
2.6467140993063842
2.646875436701073
2.64703672868828
2.6471979752929435
2.647359176539976
2.647520332454287
2.647681443060748
2.6478425083842203
2.64800352844954
2.648164503281522
2.648325432904967
2.6484863173446462
2.648647156625318
2.6488079507717175
2.6489686998085613
2.6491294037605444
2.6492900626523403
2.649450676508604
2.6496112453539715
2.6497717692130576
2.649932248110455
2.65009268207074
2.6502530711184686
2.6504134152781726
2.6505737145743673
2.650733969031545
2.6508941786741818
2.6510543435267313
2.651214463613627
2.6513745389592844
2.651534569588098
2.6516945555244384
2.6518544967926667
2.652014393417115
2.6521742454221
2.6523340528319173
2.652493815670842
2.6526535339631305
2.65281320773302
2.652972837004726
2.653132421802446
2.6532919621503575
2.6534514580726185
2.6536109095933695
2.6537703167367277
2.6539296795267884
2.6540889979876354
2.654248272143326
2.6544075020179014
2.654566687635385
2.654725829019775
2.654884926195056
2.65504397918519
2.65520298801412
2.6553619527057695
2.655520873284044
2.655679749772828
2.6558385821959876
2.655997370577369
2.656156114940801
2.656314815310093
2.65647347170903
2.656632084161384
2.656790652690907
2.656949177321327
2.6571076580763586
2.657266094979694
2.6574244880550077
2.6575828373259545
2.6577411428161706
2.657899404549272
2.6580576225488564
2.6582157968385047
2.658373927441774
2.658532014382207
2.6586900576833234
2.6588480573686297
2.659006013461608
2.659163925985723
2.6593217949644217
2.6594796204211324
2.6596374023792637
2.659795140862206
2.6599528358933284
2.6601104874959844
2.660268095693512
2.6604256605092265
2.6605831819664205
2.660740660088371
2.660898094898336
2.6610554864195555
2.6612128346752515
2.6613701396886293
2.661527401482872
2.661684620081144
2.66184179550659
2.6619989277823435
2.6621560169315144
2.6623130629771934
2.6624700659424585
2.662627025850362
2.6627839427239404
2.6629408165862114
2.663097647460175
2.6632544353688137
2.6634111803350895
2.663567882381949
2.6637245415323147
2.663881157809101
2.6640377312351937
2.664194261833467
2.664350749626771
2.664507194637945
2.664663596889804
2.664819956405147
2.664976273206754
2.6651325473173886
2.6652887787597974
2.665444967556704
2.665601113730819
2.6657572173048307
2.6659132783014132
2.666069296743219
2.666225272652888
2.6663812060530354
2.6665370969662634
2.666692945415153
2.666848751422269
2.667004515010161
2.667160236201353
2.6673159150183583
2.6674715514836707
2.667627145619766
2.667782697449101
2.667938206994113
2.668093674277228
2.668249099320849
2.668404482147361
2.6685598227791334
2.6687151212385167
2.6688703775478455
2.669025591729436
2.6691807638055844
2.6693358937985723
2.6694909817306622
2.6696460276240996
2.6698010315011134
2.6699559933839128
2.6701109132946903
2.6702657912556234
2.6704206272888666
2.6705754214165607
2.6707301736608318
2.670884884043781
2.671039552587499
2.6711941793140555
2.671348764245502
2.6715033074038774
2.671657808811198
2.671812268489468
2.6719666864606677
2.6721210627467658
2.672275397369712
2.6724296903514357
2.6725839417138544
2.6727381514788653
2.6728923196683487
2.673046446304166
2.6732005314081637
2.6733545750021737
2.6735085771080063
2.673662537747455
2.673816456942301
2.6739703347142987
2.6741241710851966
2.67427796607672
2.674431719710578
2.674585432008463
2.6747391029920515
2.6748927326830017
2.6750463211029554
2.6751998682735363
2.6753533742163547
2.675506838952998
2.675660262505041
2.675813644894041
2.6759669861415403
2.676120286269061
2.67627354529811
2.676426763250177
2.6765799401467345
2.6767330760092385
2.676886170859131
2.677039224717833
2.677192237606753
2.6773452095472847
2.6774981405607945
2.6776510306686405
2.677803879892161
2.677956688252679
2.6781094557715
2.6782621824699167
2.678414868369199
2.6785223752829386
2.678471033754421
2.6784196963383966
2.6783683630336053
2.678317033838779
2.67826570875266
2.678214387773982
2.678163070901486
2.6781117581339138
2.6780604494700038
2.678009144908499
2.677957844448141
2.677906548087672
2.6778552558258357
2.6778039676613785
2.677752683593042
2.6777014036195754
2.677650127739723
2.6775988559522332
2.6775475882558553
2.677496324649336
2.677445065131428
2.6773938097008787
2.6773425583564414
2.677291311096867
2.677240067920907
2.6771888288273176
2.6771375938148507
2.677086362882263
2.677035136028308
2.6769839132517443
2.6769326945513265
2.6768814799258167
2.676830269373969
2.6767790628945445
2.6767278604863023
2.6766766621480054
2.6766254678784143
2.6765742776762904
2.6765230915403975
2.6764719094695
2.676420731462362
2.6763695575177486
2.6763183876344274
2.6762672218111616
2.6762160600467215
2.6761649023398753
2.6761137486893904
2.6760625990940383
2.6760114535525865
2.67596031206381
2.675909174626479
2.675858041239365
2.675806911901242
2.6757557866108845
2.6757046653670655
2.6756535481685626
2.675602435014152
2.67555132590261
2.675500220832713
2.6754491198032424
2.6753980228129755
2.6753469298606904
2.6752958409451715
2.6752447560651977
2.675193675219551
2.675142598407015
2.675091525626374
2.6750404568764092
2.674989392155908
2.674938331463655
2.6748872747984374
2.67483622215904
2.6747851735442527
2.6747341289528643
2.674683088383662
2.674632051835436
2.6745810193069794
2.6745299907970828
2.674478966304535
2.6744279458281315
2.674376929366665
2.67432591691893
2.674274908483724
2.6742239040598386
2.6741729036460717
2.6741219072412186
2.67407091484408
2.674019926453453
2.6739689420681367
2.6739179616869304
2.6738669853086354
2.673816012932052
2.673765044555982
2.67371408017923
2.673663119800597
2.6736121634188894
2.67356121103291
2.6735102626414644
2.6734593182433595
2.6734083778374025
2.6733574414224006
2.673306508997162
2.6732555805604967
2.673204656111212
2.6731537356481176
2.673102819170028
2.673051906675753
2.673000998164107
2.6729500936338995
2.6728991930839467
2.672848296513062
2.672797403920063
2.6727465153037624
2.6726956306629788
2.67264474999653
2.6725938733032315
2.672543000581904
2.6724921318313646
2.672441267050437
2.672390406237939
2.672339549392693
2.67228869651352
2.672237847599245
2.6721870026486894
2.6721361616606782
2.672085324634035
2.672034491567587
2.6719836624601596
2.6719328373105804
2.671882016117677
2.6718311988802763
2.671780385597208
2.671729576267301
2.6716787708893857
2.671627969462294
2.6715771719848567
2.6715263784559067
2.6714755888742765
2.671424803238801
2.671374021548312
2.6713232438016465
2.6712724699976396
2.671221700135127
2.6711709342129457
2.671120172229935
2.6710694141849314
2.6710186600767765
2.670967909904307
2.670917163666365
2.6708664213617914
2.670815682989428
2.670764948548116
2.670714218036701
2.670663491454024
2.6706127687989305
2.670562050070265
2.6705113352668737
2.670460624387604
2.6704099174313027
2.670359214396816
2.670308515282993
2.670257820088683
2.6702071288127343
2.670156441453999
2.670105758011327
2.67005507848357
2.670004402869581
2.669953731168214
2.66990306337832
2.669852399498756
2.669801739528376
2.6697510834660347
2.66970043131059
2.6696497830608976
2.6695991387158156
2.6695484982742013
2.6694978617349143
2.669447229096815
2.6693966003587635
2.6693459755196187
2.6692953545782427
2.6692447375334996
2.669194124384251
2.669143515129361
2.6690929097676914
2.6690423082981094
2.66899171071948
2.668941117030668
2.6688905272305417
2.6688399413179678
2.668789359291814
2.6687387811509495
2.668688206894243
2.6686376365205646
2.6685870700287855
2.6685365074177776
2.66848594868641
2.6684353938335574
2.6683848428580923
2.668334295758888
2.668283752534821
2.6682332131847635
2.6681826777075925
2.6681321461021845
2.6680816183674163
2.6680310945021666
2.6679805745053136
2.6679300583757337
2.6678795461123097
2.667829037713919
2.6677785331794444
2.667728032507767
2.667677535697767
2.667627042748329
2.6675765536583356
2.667526068426671
2.667475587052221
2.6674251095338684
2.667374635870501
2.667324166061005
2.667273700104267
2.6672232379991754
2.667172779744617
2.667122325339483
2.667071874782661
2.667021428073044
2.6669709852095207
2.6669205461909833
2.6668701110163235
2.666819679684434
2.6667692521942072
2.6667188285445405
2.666668408734326
2.6666179927624603
2.666567580627837
2.666517172329355
2.666466767865912
2.666416367236402
2.6663659704397285
2.6663155774747858
2.6662651883404758
2.666214803035699
2.6661644215593547
2.666114043910347
2.6660636700875746
2.6660133000899435
2.665962933916355
2.665912571565713
2.665862213036924
2.6658118583288903
2.6657615074405205
2.665711160370719
2.665660817118394
2.6656104776824527
2.6655601420618034
2.6655098102553545
2.665459482262017
2.6654091580806987
2.6653588377103112
2.6653085211497656
2.6652582083979754
2.665207899453851
2.6651575943163066
2.6651072929842563
2.665056995456614
2.6650067017322945
2.664956411810214
2.664906125689288
2.664855843368434
2.6648055648465676
2.6647552901226077
2.664705019195473
2.6646547520640826
2.6646044887273566
2.664554229184216
2.6645039734335794
2.6644537214743718
2.6644034733055126
2.664353228925926
2.664302988334534
2.66425275153026
2.664202518512032
2.664152289278773
2.6641020638294095
2.664051842162866
2.664001624278072
2.6639514101739543
2.6639011998494397
2.66385099330346
2.6638007905349403
2.6637505915428137
2.6637003963260093
2.66365020488346
2.663600017214095
2.663549833316848
2.6634996531906516
2.66344947683444
2.663399304247146
2.663349135427706
2.6632989703750534
2.663248809088125
2.663198651565857
2.663148497807186
2.6630983478110504
2.6630482015763897
2.6629980591021414
2.6629479203872437
2.662897785430639
2.662847654231265
2.6627975267880646
2.662747403099979
2.6626972831659517
2.6626471669849243
2.66259705455584
2.662546945877644
2.6624968409492804
2.6624467397696945
2.662396642337831
2.6623465486526388
2.662296458713063
2.6622463725180507
2.6621962900665515
2.6621462113575127
2.662096136389885
2.662046065162618
2.6619959976746617
2.661945933924966
2.661895873912483
2.661845817636166
2.661795765094968
2.6617457162878395
2.6616956712137383
2.661645629871618
2.661595592260432
2.6615455583791356
2.6614955282266863
2.661445501802041
2.6613954791041547
2.6613454601319884
2.6612954448844985
2.6612454333606457
2.6611954255593866
2.6611454214796844
2.661095421120498
2.661045424480791
2.660995431559524
2.6609454423556578
2.660895456868158
2.6608454750959867
2.660795497038107
2.6607455226934844
2.660695552061087
2.6606455851398785
2.660595621928825
2.6605456624268937
2.660495706633051
2.660445754546266
2.660395806165509
2.6603458614897466
2.660295920517949
2.660245983249088
2.6601960496821344
2.6601461198160576
2.660096193649831
2.660046271182428
2.6599963524128207
2.659946437339983
2.6598965259628895
2.659846618280514
2.6597967142918306
2.659746813995819
2.659696917391453
2.659647024477711
2.659597135253569
2.6595472497180075
2.6594973678700033
2.6594474897085365
2.6593976152325856
2.6593477444411326
2.6592978773331586
2.6592480139076438
2.6591981541635707
2.6591482980999204
2.6590984457156797
2.659048597009828
2.6589987519813514
2.6589489106292357
2.6588990729524644
2.6588492389500247
2.6587994086209026
2.6587495819640834
2.6586997589785564
2.6586499396633103
2.6586001240173336
2.6585503120396132
2.6585005037291407
2.658450699084906
2.6584008981058993
2.658351100791112
2.6583013071395367
2.6582515171501644
2.6582017308219896
2.6581519481540057
2.6581021691452063
2.658052393794584
2.658002622101138
2.657952854063859
2.657903089681748
2.657853328953799
2.657803571879012
2.657753818456381
2.6577040686849056
2.657654322563585
2.657604580091419
2.6575548412674084
2.657505106090552
2.657455374559852
2.6574056466743086
2.657355922432925
2.6573062018347047
2.6572564848786477
2.65720677156376
2.6571570618890474
2.6571073558535114
2.6570576534561603
2.6570079546959984
2.65695825957203
2.656908568083265
2.656858880228709
2.6568091960073716
2.6567595154182606
2.656709838460384
2.6566601651327537
2.656610495434377
2.6565608293642686
2.6565111669214367
2.656461508104892
2.656411852913648
2.656362201346716
2.6563125534031107
2.6562629090818466
2.656213268381936
2.656163631302395
2.656113997842238
2.6560643680004827
2.656014741776146
2.6559651191682407
2.6559155001757877
2.6558658847978047
2.6558162730333086
2.6557666648813183
2.6557170603408555
2.6556674594109393
2.6556178620905895
2.655568268378827
2.655518678274675
2.6554690917771557
2.6554195088852888
2.6553699295980993
2.6553203539146124
2.655270781833851
2.655221213354839
2.6551716484766024
2.6551220871981656
2.6550725295185567
2.655022975436804
2.654973424951931
2.6549238780629674
2.6548743347689405
2.65482479506888
2.6547752589618154
2.654725726446777
2.654676197522793
2.654626672188897
2.65457715044412
2.654527632287492
2.654478117718047
2.6544286067348177
2.6543790993368375
2.654329595523141
2.654280095292761
2.6542305986447334
2.6541811055780937
2.6541316160918766
2.6540821301851207
2.654032647856861
2.653983169106137
2.653933693931985
2.6538842223334447
2.6538347543095546
2.6537852898593552
2.6537358289818838
2.6536863716761845
2.653636917941296
2.6535874677762608
2.6535380211801205
2.653488578151919
2.6534391386906977
2.6533897027955002
2.653340270465371
2.6532908416993544
2.653241416496495
2.6531919948558396
2.653142576776434
2.6530931622573255
2.653043751297559
2.652994343896184
2.652944940052248
2.6528955397647977
2.6528461430328854
2.65279674985556
2.65274736023187
2.652697974160867
2.6526485916416003
2.6525992126731235
2.652549837254486
2.652500465384745
2.6524510970629485
2.6524017322881535
2.6523523710594117
2.6523030133757803
2.6522536592363113
2.6522043086400644
2.652154961586092
2.6521056180734504
2.652056278101197
2.652006941668391
2.651957608774088
2.651908279417347
2.651858953597229
2.6518096313127923
2.651760312563096
2.651710997347201
2.651661685664168
2.651612377513058
2.651563072892934
2.6515137718028576
2.651464474241891
2.6514151802090993
2.6513658897035457
2.6513166027242936
2.6512673192704086
2.6512180393409563
2.651168762935001
2.651119490051611
2.6510702206898524
2.651020954848791
2.6509716925274955
2.650922433725033
2.6508731784404738
2.6508239266728855
2.6507746784213397
2.650725433684905
2.6506761924626527
2.650626954753654
2.6505777205569787
2.6505284898716996
2.650479262696891
2.6504300390316238
2.650380818874972
2.650331602226011
2.6502823890838134
2.6502331794474543
2.65018397331601
2.650134770688556
2.6500855715641687
2.6500363759419234
2.6499871838209
2.6499379952001747
2.6498888100788256
2.6498396284559327
2.649790450330574
2.6497412757018277
2.6496921045687785
2.6496429369305026
2.6495937727860817
2.649544612134599
2.649495454975135
2.649446301306773
2.6493971511285968
2.6493480044396875
2.6492988612391315
2.649249721526013
2.6492005852994165
2.649151452558425
2.649102323302127
2.6490531975296077
2.649004075239954
2.6489549564322528
2.648905841105591
2.6488567292590597
2.6488076208917453
2.6487585160027365
2.648709414591124
2.648660316655997
2.648611222196446
2.648562131211562
2.6485130437004356
2.6484639596621595
2.648414879095826
2.6483658020005287
2.6483167283753604
2.6482676582194142
2.6482185915317853
2.648169528311566
2.6481204685578525
2.648071412269743
2.6480223594463306
2.6479733100867127
2.6479242641899856
2.6478752217552475
2.647826182781596
2.647777147268129
2.6477281152139454
2.6476790866181448
2.6476300614798256
2.6475810397980912
2.6475320215720393
2.6474830068007726
2.647433995483392
2.6473849876189997
2.647335983206696
2.647286982245586
2.647237984734774
2.647188990673361
2.6471400000604532
2.647091012895156
2.6470420291765726
2.6469930489038083
2.646944072075973
2.6468950986921693
2.6468461287515064
2.64679716225309
2.6467481991960295
2.646699239579432
2.646650283402407
2.646601330664064
2.646552381363512
2.646503435499861
2.646454493072223
2.6464055540797085
2.6463566185214273
2.6463076863964927
2.646258757704018
2.6462098324431147
2.6461609106128963
2.6461119922124774
2.6460630772409712
2.6460141656974927
2.6459652575811563
2.6459163528910796
2.6458674516263776
2.645818553786166
2.645769659369561
2.645720768375682
2.645671880803646
2.6456229966525697
2.6455741159215744
2.6455252386097787
2.645476364716299
2.6454274942402574
2.645378627180775
2.6453297635369726
2.6452809033079707
2.645232046492892
2.645183193090858
2.645134343100991
2.6450854965224138
2.645036653354252
2.6449878135956277
2.6449389772456664
2.6448901443034925
2.6448413147682293
2.644792488639004
2.644743665914944
2.644694846595176
2.6446460306788255
2.6445972181650204
2.6445484090528875
2.6444996033415573
2.6444508010301573
2.6444020021178174
2.6443532066036677
2.6443044144868364
2.6442556257664562
2.6442068404416545
2.644158058511566
2.6441092799753223
2.644060504832054
2.6440117330808963
2.6439629647209806
2.64391419975144
2.643865438171409
2.6438166799800227
2.6437679251764146
2.6437191737597217
2.643670425729079
2.6436216810836224
2.643572939822489
2.6435242019448144
2.643475467449738
2.6434267363363966
2.643378008603929
2.643329284251473
2.643280563278168
2.6432318456831547
2.6431831314655723
2.643134420624561
2.643085713159263
2.6430370090688178
2.6429883083523684
2.642939611009054
2.642890917038021
2.6428422264384115
2.6427935392093684
2.6427448553500352
2.642696174859557
2.642647497737078
2.642598823981744
2.6425501535927016
2.642501486569094
2.642452822910068
2.6424041626147714
2.6423555056823522
2.642306852111956
2.642258201902733
2.642209555053829
2.642160911564396
2.6421122714335823
2.6420636346605373
2.6420150012444115
2.6419663711843553
2.641917744479519
2.641869121129056
2.6418205011321167
2.641771884487854
2.6417232711954206
2.6416746612539694
2.6416260546626535
2.6415774514206283
2.6415288515270468
2.641480254981064
2.6414316617818354
2.641383071928517
2.6413344854202636
2.641285902256234
2.6412373224355807
2.6411887459574657
2.641140172821045
2.641091603025477
2.6410430365699202
2.640994473453533
2.6409459136754747
2.640897357234905
2.6408488041309854
2.6408002543628766
2.640751707929737
2.64070316483073
2.6406546250650167
2.640606088631761
2.6405575555301235
2.640509025759271
2.6404604993183622
2.6404119762065625
2.6403634564230374
2.640314939966951
2.6402664268374685
2.6402179170337554
2.640169410554979
2.640120907400303
2.640072407568895
2.6400239110599237
2.6399754178725563
2.639926928005959
2.639878441459302
2.6398299582317537
2.6397814783224822
2.639733001730658
2.639684528455452
2.639636058496033
2.639587591851573
2.639539128521243
2.6394906685042145
2.6394422117996594
2.6393937584067504
2.6393453083246614
2.639296861552564
2.6392484180896316
2.63919997793504
2.639151541087964
2.639103107547576
2.639054677313054
2.6390062503835705
2.6389578267583045
2.638909406436431
2.6388609894171275
2.638812575699571
2.6387641652829394
2.63871575816641
2.638667354349162
2.638618953830374
2.638570556609227
2.638522162684897
2.6384737720565683
2.6384253847234183
2.638377000684628
2.6383286199393803
2.6382802424868577
2.63823186832624
2.6381834974567098
2.6381351298774507
2.638086765587645
2.6380384045864775
2.637990046873133
2.637941692446796
2.637893341306649
2.6378449934518784
2.6377966488816713
2.6377483075952104
2.6376999695916856
2.6376516348702816
2.637603303430187
2.637554975270588
2.6375066503906734
2.637458328789633
2.6374100104666516
2.6373616954209225
2.6373133836516334
2.637265075157973
2.6372167699391333
2.637168467994305
2.6371201693226802
2.6370718739234493
2.637023581795803
2.636975292938936
2.6369270073520386
2.6368787250343058
2.636830445984929
2.6367821702031047
2.636733897688026
2.6366856284388884
2.6366373624548847
2.636589099735213
2.636540840279066
2.6364925840856426
2.636444331154137
2.6363960814837477
2.6363478350736727
2.636299591923108
2.6362513520312536
2.636203115397306
2.6361548820204646
2.63610665189993
2.6360584250349013
2.6360102014245776
2.63596198106816
2.635913763964849
2.635865550113847
2.6358173395143543
2.6357691321655716
2.635720928066703
2.635672727216953
2.635624529615521
2.635576335261613
2.6355281441544314
2.6354799562931803
2.6354317716770668
2.6353835903052945
2.6353354121770685
2.635287237291593
2.6352390656480766
2.635190897245725
2.6351427320837453
2.6350945701613444
2.6350464114777297
2.63499825603211
2.6349501038236927
2.6349019548516877
2.634853809115305
2.634805666613752
2.6347575273462387
2.634709391311977
2.634661258510177
2.634613128940049
2.6345650026008065
2.6345168794916582
2.634468759611819
2.6344206429605004
2.634372529536915
2.6343244193402766
2.6342763123697996
2.6342282086246955
2.634180108104182
2.634132010807471
2.6340839167337795
2.634035825882322
2.633987738252315
2.6339396538429756
2.633891572653519
2.6338434946831635
2.633795419931126
2.633747348396625
2.633699280078877
2.6336512149771014
2.6336031530905184
2.6335550944183455
2.633507038959802
2.633458986714109
2.6334109376804866
2.633362891858155
2.6333148492463367
2.633266809844252
2.6332187736511234
2.6331707406661735
2.6331227108886233
2.633074684317697
2.6330266609526176
2.63297864079261
2.6329306238368964
2.6328826100847014
2.632834599535251
2.6327865921877702
2.632738588041483
2.632690587095618
2.6326425893493988
2.6325945948020544
2.632546603452808
2.6324986153008916
2.632450630345529
2.63240264858595
2.6323546700213836
2.632306694651058
2.6322587224742025
2.632210753490046
2.6321627876978195
2.6321148250967523
2.6320668656860766
2.632018909465022
2.6319709564328204
2.631923006588703
2.6318750599319016
2.6318271164616487
2.6317791761771776
2.631731239077721
2.6316833051625133
2.6316353744307874
2.631587446881779
2.6315395225147205
2.6314916013288485
2.631443683323398
2.6313957684976046
2.6313478568507054
2.631299948381935
2.63125204309053
2.6312041409757287
2.6311562420367687
2.631108346272887
2.6310604536833213
2.6310125642673112
2.6309646780240965
2.630916794952914
2.630868915053004
2.630821038323607
2.630773164763964
2.630725294373314
2.6306774271509004
2.630629563095963
2.630581702207743
2.630533844485483
2.630485989928426
2.630438138535814
2.630390290306891
2.6303424452408994
2.6302946033370844
2.630246764594689
2.630198929012959
2.6301510965911383
2.6301032673284723
2.6300554412242065
2.6300076182775873
2.62995979848786
2.629911981854274
2.629864168376074
2.6298163580525076
2.629768550882823
2.6297207468662678
2.6296729460020916
2.62962514828954
2.629577353727866
2.629529562316317
2.6294817740541436
2.629433988940593
2.629386206974921
2.629338428156376
2.629290652484208
2.629242879957671
2.629195110576014
2.629147344338491
2.629099581244354
2.6290518212928573
2.6290040644832526
2.6289563108147935
2.628908560286735
2.6288608128983317
2.6288130686488365
2.6287653275375047
2.628717589563595
2.6286698547263585
2.628622123025054
2.6285743944589375
2.6285266690272646
2.6284789467292935
2.628431227564281
2.6283835115314864
2.6283357986301668
2.62828808885958
2.628240382218986
2.628192678707643
2.6281449783248103
2.6280972810697474
2.6280495869417155
2.6280018959399745
2.6279542080637874
2.627906523312413
2.6278588416851125
2.627811163181151
2.627763487799788
2.6277158155402858
2.6276681464019083
2.6276204803839174
2.627572817485579
2.627525157706156
2.627477501044911
2.62742984750111
2.6273821970740197
2.6273345497629035
2.6272869055670274
2.6272392644856564
2.6271916265180573
2.6271439916634973
2.6270963599212425
2.627048731290559
2.6270011057707188
2.6269534833609858
2.626905864060631
2.6268582478689204
2.6268106347851243
2.626763024808512
2.626715417938354
2.626667814173919
2.626620213514476
2.6265726159592986
2.6265250215076565
2.626477430158821
2.626429841912064
2.626382256766656
2.626334674721872
2.626287095776983
2.6262395199312616
2.626191947183983
2.626144377534419
2.626096810981844
2.6260492475255326
2.626001687164759
2.6259541298987985
2.6259065757269275
2.62585902464842
2.6258114766625513
2.6257639317685992
2.625716389965841
2.625668851253553
2.6256213156310118
2.625573783097495
2.6255262536522808
2.6254787272946483
2.6254312040238754
2.62538368383924
2.625336166740022
2.625288652725503
2.6252411417949597
2.6251936339476756
2.625146129182929
2.6250986275000012
2.6250511288981735
2.6250036333767284
2.6249561409349473
2.624908651572112
2.6248611652875042
2.624813682080409
2.624766201950108
2.6247187248958843
2.6246712509170234
2.6246237800128074
2.624576312182523
2.6245288474254536
2.624481385740885
2.6244339271281025
2.624386471586391
2.624339019115037
2.624291569713327
2.624244123380549
2.624196680115989
2.6241492399189337
2.624101802788672
2.624054368724492
2.6240069377256803
2.6239595097915283
2.6239120849213244
2.6238646631143565
2.623817244369915
2.6237698286872897
2.6237224160657697
2.623675006504649
2.6236276000032155
2.623580196560762
2.6235327961765793
2.6234853988499585
2.623438004580193
2.6233906133665754
2.623343225208398
2.6232958401049546
2.623248458055539
2.6232010790594433
2.6231537031159644
2.6231063302243935
2.6230589603840277
2.623011593594161
2.62296422985409
2.6229168691631077
2.6228695115205127
2.6228221569256016
2.6227748053776696
2.622727456876015
2.622680111419934
2.6226327690087254
2.622585429641686
2.6225380933181133
2.6224907600373077
2.6224434297985675
2.622396102601192
2.62234877844448
2.6223014573277315
2.6222541392502476
2.622206824211327
2.622159512210273
2.6221122032463837
2.622064897318963
2.622017594427312
2.6219702945707324
2.6219229977485257
2.621875703959996
2.621828413204445
2.621781125481177
2.6217338407894966
2.6216865591287037
2.6216392804981057
2.6215920048970065
2.621544732324711
2.621497462780526
2.6214501962637535
2.6214029327737007
2.621355672309674
2.62130841487098
2.621261160456926
2.621213909066818
2.6211666606999624
2.6211194153556687
2.621072173033244
2.6210249337319955
2.620977697451234
2.6209304641902658
2.620883233948402
2.620836006724952
2.620788782519224
2.620741561330532
2.620694343158182
2.6206471280014862
2.6205999158597546
2.6205527067323002
2.6205055006184343
2.620458297517468
2.620411097428715
2.620363900351488
2.6203167062850965
2.620269515228857
2.620222327182082
2.6201751421440846
2.6201279601141794
2.6200807810916804
2.6200336050759034
2.6199864320661628
2.619939262061774
2.6198920950620526
2.619844931066313
2.6197977700738733
2.6197506120840486
2.619703457096157
2.6196563051095163
2.6196091561234423
2.6195620101372525
2.619514867150265
2.6194677271618
2.619420590171174
2.6193734561777076
2.619326325180717
2.6192791971795257
2.6192320721734514
2.619184950161814
2.619137831143935
2.6190907151191336
2.6190436020867325
2.618996492046052
2.6189493849964127
2.6189022809371396
2.6188551798675532
2.618808081786975
2.618760986694729
2.6187138945901385
2.6186668054725266
2.6186197193412166
2.618572636195534
2.6185255560348004
2.618478478858343
2.6184314046654853
2.618384333455553
2.6183372652278716
2.618290199981768
2.6182431377165662
2.6181960784315925
2.6181490221261763
2.6181019687996416
2.6180549184513184
2.6180078710805312
2.6179608266866095
2.6179137852688825
2.6178667468266794
2.6178197113593256
2.6177726788661535
2.6177256493464887
2.6176786227996645
2.6176315992250085
2.6175845786218512
2.6175375609895237
2.617490546327359
2.617443534634684
2.6173965259108325
2.6173495201551353
2.6173025173669267
2.6172555175455363
2.6172085206902973
2.6171615268005444
2.6171145358756087
2.617067547914824
2.6170205629175247
2.6169735808830445
2.616926601810717
2.616879625699878
2.6168326525498626
2.616785682360005
2.61673871512964
2.616691750858105
2.6166447895447367
2.616597831188869
2.6165508757898412
2.616503923346988
2.616456973859648
2.616410027327157
2.6163630837488543
2.6163161431240787
2.6162692054521686
2.6162222707324605
2.616175338964296
2.6161284101470126
2.616081484279951
2.61603456136245
2.615987641393849
2.6159407243734893
2.615893810300713
2.6158468991748594
2.6157999909952703
2.6157530857612863
2.615706183472251
2.615659284127507
2.6156123877263937
2.615565494268256
2.615518603752437
2.6154717161782797
2.615424831545127
2.615377949852322
2.6153310710992113
2.6152841952851382
2.615237322409447
2.615190452471483
2.615143585470591
2.615096721406118
2.615049860277407
2.615003002083808
2.6149561468246634
2.614909294499323
2.614862445107133
2.6148155986474384
2.6147687551195897
2.6147219145229332
2.614675076856817
2.6146282421205904
2.614581410313603
2.614534581435201
2.614487755484735
2.6144409324615556
2.6143941123650123
2.614347295194453
2.6143004809492303
2.6142536696286927
2.614206861232193
2.614160055759081
2.61411325320871
2.614066453580431
2.6140196568735945
2.6139728630875547
2.6139260722216635
2.613879284275274
2.61383249924774
2.6137857171384136
2.6137389379466494
2.6136921616718003
2.6136453883132216
2.6135986178702684
2.6135518503422954
2.613505085728657
2.613458324028708
2.6134115652418037
2.6133648093673023
2.6133180564045584
2.613271306352929
2.613224559211771
2.6131778149804403
2.613131073658296
2.613084335244694
2.613037599738994
2.6129908671405526
2.6129441374487294
2.612897410662882
2.6128506867823695
2.612803965806553
2.612757247734791
2.6127105325664433
2.612663820300868
2.6126171109374274
2.612570404475482
2.6125237009143913
2.612477000253519
2.6124303024922244
2.6123836076298708
2.6123369156658205
2.612290226599434
2.6122435404300735
2.6121968571571044
2.612150176779887
2.612103499297787
2.6120568247101668
2.6120101530163913
2.6119634842158224
2.611916818307827
2.6122475558855913
2.6128171412927554
2.6133862795730485
2.6139549714408354
2.6145232176087467
2.6150910187876826
2.61565837568682
2.6162252890136184
2.616791759473825
2.617357787771483
2.6179233746089374
2.6184885206868316
2.619053226704112
2.6196174933580507
2.6201813213442375
2.6207447113565907
2.621307664087359
2.6218701802271287
2.62243226046483
2.6229939054877405
2.623555115981491
2.624115892630073
2.6246762361158393
2.625236147119513
2.62579562632019
2.626354674395351
2.6269132920208573
2.6274714798709633
2.6280292386183164
2.6285865689339665
2.629143471487365
2.629699946946369
2.6302559959772718
2.630811619244781
2.631366817412019
2.631921591140551
2.6324759410903726
2.6330298679199227
2.6335833722860817
2.6341364548441852
2.6346891162480284
2.6352413571498707
2.635793178200419
2.636344580048858
2.6368955633428537
2.637446128728549
2.637996276850573
2.6385460083520464
2.6390953238745807
2.639644224058288
2.6401927095417865
2.64074078096219
2.641288438955151
2.641835684154829
2.642382517193904
2.6429289387035833
2.6434749493136103
2.644020549652264
2.6445657403463594
2.645110522021263
2.6456548953008925
2.646198860807732
2.646742419162797
2.6472855709856815
2.6478283168945502
2.6483706575061388
2.6489125934357594
2.649454125297307
2.649995253703267
2.65053597926471
2.6510763025913002
2.6516162242912964
2.652155744971578
2.652694865237627
2.6532335856935347
2.6537719069420076
2.6543098295843754
2.65484735422059
2.6553844814492384
2.6559212118675357
2.6564575460713375
2.6569934846551573
2.657529028212125
2.658064177334033
2.6585989326113277
2.659133294633118
2.6596672639871715
2.660200841259927
2.660734027036492
2.661266821900649
2.6617992264348596
2.6623312412202558
2.6628628668366754
2.6633941038626494
2.6639249528753957
2.664455414450833
2.66498548916358
2.6655151775869643
2.666044480293027
2.666573397852516
2.667101930834905
2.6676300798084034
2.6681578453399246
2.6686852279951108
2.6692122283383495
2.6697388469327636
2.670265084340216
2.670790941121318
2.671316417835429
2.671841515040663
2.672366233293888
2.672890573150726
2.6734145351655707
2.673938119891594
2.6744613278807283
2.674984159683684
2.6755066158499483
2.6760286969277933
2.676550403464274
2.6770717360052405
2.6775926950953326
2.6781132812779904
2.678633495095458
2.67915333708877
2.6796728077977763
2.6801919077611394
2.6807106375163343
2.681228997599658
2.6817469885462253
2.682264610889981
2.6827818651636943
2.683298751898964
2.6838152716262274
2.6843314248747703
2.6848472121727127
2.6853626340470225
2.685877691023519
2.6863923836268673
2.686906712380596
2.68742067780709
2.6879342804275983
2.6884475207622356
2.688960399329994
2.6894729166487212
2.689985073235149
2.6904968696048894
2.69100830627244
2.691519383751178
2.692030102553376
2.6925404631901975
2.6930504661716994
