1433.3665133015675
1364.8101592852056
1350.9239838656342
1339.0922234234145
1328.5979688468399
1319.112306706669
1310.3317901058126
1302.1240809009653
1294.3929414803458
1287.0952219934575
1280.1349463339432
1273.4672431594147
1267.0951540737394
1260.9677550852864
1255.0502183004567
1249.3284831655367
1243.8052390122778
1238.4426210065246
1233.2311500544085
1228.164730556394
1223.2408534390313
1218.437366178744
1213.749294954575
1209.1691039157595
1204.7035212577325
1200.3317959566655
1196.0537864878884
1191.8611232244814
1187.752778319436
1183.724533665517
1179.7705725118317
1175.893677867872
1172.0844194984684
1168.3427622752436
1164.666139741822
1161.049594559675
1157.4966065611147
1154.0007000841642
1150.5585933961795
1147.1824806437062
1143.856477654117
1140.5794088861078
1137.36320262757
1134.1920374660933
1131.0645889870302
1127.9951371618288
1124.967229106635
1121.9790251382988
1119.0441190016875
1116.1517470094195
1113.2955119106066
1110.4826880876626
1107.7184664377173
1104.9872008799491
1102.2880980221566
1099.6416890188668
1097.0297736443065
1094.4472602893584
1091.89745370218
1089.4000156522134
1086.9294671302405
1084.4852355039534
1082.075225967702
1079.7120919000051
1077.3730612359582
1075.0576525170527
1072.772424362893
1070.5321136843972
1068.3135076707742
1066.1161981272728
1063.94010717352
1061.8126164804166
1059.7047486750116
1057.6161551582777
1055.5464970848147
1053.5115644909338
1051.5057548877764
1049.5174519681404
1047.546363953026
1045.592206670032
1043.6831805259826
1041.7911125496917
1039.914688522157
1038.053663294933
1036.2115903699391
1034.4106471062992
1032.6239313280444
1030.851231150757
1029.0923395707605
1027.3488239607768
1025.644816709926
1023.9536089657114
1022.2750205635751
1020.6088752394081
1018.9550005126861
1017.3371132954192
1015.7380388974992
1014.1503052930158
1012.573762699124
1011.0082643582775
1009.459670049271
1007.9421836244218
1006.434964320409
1004.9378833641086
1003.450814441383
1001.9736336321787
1000.5187275465531
999.0898240662417
997.6700826194892
996.2593948331006
994.8576542761338
993.4647564119648
992.0918974054886
990.7470809908975
989.41043331801
988.0818632439389
986.7612811598591
985.4485989555752
984.1445768645276
982.8890357442382
981.6406638237785
980.3993862031369
979.1651291557321
977.9378201054507
976.7173876021094
975.5205162020499
974.3571755636026
973.2000384049567
972.0490444399612
970.9041342589031
969.7652493111457
968.6323318882113
967.523604856776
966.4441089999272
965.3699961744437
964.3012176322027
963.2377252829255
962.1794716821242
961.1264100193342
960.0851053679447
959.0815281556734
958.0826389052238
957.0883979726716
956.0987662118898
955.113704966094
954.133176059569
953.1571417895741
952.2114292228674
951.2898952668793
950.3723482728889
949.4587571165514
948.5490910329023
947.643319610766
946.7414127872753
945.8433408425
944.9748344872821
944.126576327979
943.2817245703076
942.440254605552
941.6021420869833
940.7673629261166
939.9358932890378
939.1077095927939
938.2917502127082
937.5018769316133
936.7149802515781
935.9310400449123
935.1500363838549
934.3719495379198
933.5967599712852
932.8244483402274
932.0549954905953
931.306842068156
930.5752585464294
929.8462500765683
929.1198004376965
928.3958935585279
927.6745135155288
926.9556445311115
926.2392709718515
925.5253773467365
924.8351533259724
924.1723615142345
923.5117024009847
922.8531637438875
922.1967334030114
921.542399339698
920.8901496154429
920.2399723907954
919.5918559242708
918.9457885712786
918.3449998977579
917.7496492485742
917.1560359566478
916.5641510104768
915.9739854662757
915.3855304473075
914.7987771432265
914.2137168094284
913.6303407664055
913.0486403991135
912.5112385552585
911.9777668211655
911.445703141024
910.9150409368036
910.3857736746623
909.8578948645626
909.3313980598923
908.8062768570893
908.2825248952713
907.7601358558649
907.2643420977521
906.7944133415815
906.325587664881
905.8578605126107
905.3912273564355
904.9256836945291
904.4612250513794
903.9978469775951
903.5355450497144
903.0743148700152
902.6141520663248
902.1781525339442
901.7596020610945
901.3419346896927
900.9251471636409
900.5092362436266
900.0941987070186
899.6800313477646
899.2667309762877
898.8542944193845
898.4427185201226
898.0320001377413
897.6275456527255
897.2531933691215
896.8795535762581
896.5066239231941
896.1344020696113
895.7628856857609
895.392072452409
895.0219600607837
894.6525462125225
894.2838286196173
893.9158050043634
893.5484730993052
893.1895374057468
892.8618401199909
892.5346937055516
892.2080965780597
891.8820471591391
891.5565438763857
891.231585163345
890.9071694594928
890.5832952102123
890.2599608667736
889.9371648863123
889.6149057318083
889.2931818720645
888.9998454191881
888.7191970389797
888.438956223088
888.159121982046
887.8796933292743
887.6006692810804
887.3220488566543
887.043831078066
886.7660149702618
886.4885995610612
886.2115838811525
885.9349669640908
885.6587478462925
885.3986987896635
885.1490561224251
884.899738159818
884.6507442111143
884.4020735871726
884.1537256004406
883.9056995649563
883.657994796352
883.4106106118553
883.1635463302912
882.916801272085
882.6703747592628
882.4242661154531
882.178474665889
881.9679076258468
881.7604477472198
881.5532131890035
881.3462035759798
881.1394185333131
880.9328576865574
880.7265206616627
880.5204070849815
880.314516583274
880.1088487837167
879.9034033139062
879.6981798018668
879.4931778760546
879.2883971653652
879.111153666424
878.9518040876626
878.792586357248
878.633500343025
878.4745459124948
878.3157229328233
878.1570312708484
877.998470793088
877.8400413657482
877.6817428547304
877.5235751256391
877.3655380437892
877.2076314742129
877.0498552816676
876.892209330642
876.7545161700942
876.6286334780176
876.5028309226408
876.3771084743236
876.251466102908
876.1259037777251
876.000421467602
875.8750191408687
875.7496967653655
875.6244543084489
875.4992917369991
875.3742090174259
875.2492061156761
875.124282997239
874.9994396271529
874.8746759700122
874.7887989079419
874.7045189122905
874.6202693215827
874.5360501800884
874.4518615315067
874.367703418973
874.2835758850629
874.1994789718001
874.1154127206606
874.031377172579
873.9473723679534
873.863398346652
873.7794551480181
873.695542810874
873.6116613735293
873.5278108737832
873.471960835351
873.4369700284674
873.4019719479173
873.3669666689408
873.3319542662651
873.2969348141099
873.2619083861917
873.2268750557276
873.1918348954401
873.156787977562
873.1217343738407
873.0866741555426
873.0516073934562
873.0165341578984
872.9814545187169
872.9463685452952
872.9112763065567
872.8860714593749
872.8739480899867
872.8618085785629
872.8496529964177
872.8374814144344
872.8252939030695
872.8130905323569
872.8008713719119
872.7886364909332
872.7763859582075
872.7641198421129
872.751838210623
872.7395411313084
872.7272286713426
872.7149008975026
872.7025578761754
872.6901996733585
872.6778263546638
872.6846862381265
872.7107492992261
872.7367919395025
872.7628142204037
872.7888162030295
872.8147979481356
872.8407595161356
872.8667009671021
872.8926223607726
872.9185237565501
872.9444052135062
872.9702667903852
872.9961085456029
873.0219305372545
873.0477328231137
873.0735154606368
873.0992785069632
873.1250220189204
873.1507460530252
873.1764501000513
873.202134589389
873.2277997685566
873.2534456928533
873.2790724172803
873.3046799965431
873.3302684850538
873.3558379369324
873.3813884060103
873.4069199458318
873.432432609657
873.4579264504634
873.4834015209484
873.5088578735308
873.534295560354
873.5597146332883
873.5851151439305
873.610497143609
873.6358606833849
873.6612059063633
873.6865333796983
873.7118425447549
873.7371334515437
873.7624061498178
873.7876606890738
873.8128971185562
873.8381154872558
873.8633158439144
873.8884982370258
873.9136627148374
873.9388093253524
873.9639381163302
873.989049135291
874.0141424295151
874.0392180460454
874.0642760316895
874.0893164330214
874.1143392963821
874.1393446678827
874.1643325934053
874.1958096339023
874.2313458687944
874.2668657335477
874.3023692719883
874.3378565277247
874.3733275441512
874.408782364448
874.4442207537729
874.4796423432731
874.5150478647843
874.5504373606484
874.5858108730009
874.6211684437728
874.6565101146929
874.6918359272871
874.7271459228821
874.7624401426041
874.7977186273832
874.8329814179534
874.868228554854
874.9034600784302
874.9386760288359
874.9738764460343
875.0090613697982
875.0442308397131
875.0793848951782
875.1145235754068
875.1496469194268
875.1847549660846
875.2198477540447
875.2549253217906
875.2899877076266
875.3250349496789
875.3600670858976
875.3950841540558
875.4300861917532
875.4650732364154
875.5000453252966
875.5350024954798
875.5699447838776
875.6048722272342
875.6397848621264
875.6746827249641
875.709565851992
875.7444342792909
875.7792880427774
875.8141271782068
875.8489517211726
875.8837617071092
875.9185571712912
875.9533381488359
875.9881046747024
876.0228567836954
876.0575945104638
876.0923178895027
876.1270269551551
876.1617217416108
876.1964022829098
876.2310686129412
876.2657207654455
876.3003587740154
876.334982672096
876.3695924929863
876.4041882698402
876.4387700356673
876.4733378233334
876.5078916655625
876.5424315949365
876.5769576438961
876.6114698447432
876.6459682296396
876.6804528306104
876.7149236795422
876.7493808081856
876.7838242481565
876.8182540309343
876.8526701878659
876.8870727501649
876.9214617489127
876.9558372150593
876.9901991794236
877.024547672695
877.0588827254348
877.093204368075
877.1275126309203
877.1618075441486
877.1960891378128
877.2303574418397
877.2646124860325
877.2988543000704
877.3330829135091
877.3672983557835
877.401500656206
877.435689843969
877.4698659481444
877.5040289976856
877.5381790214263
877.5723160480843
877.6064401062582
877.6405512244315
877.6746494309712
877.7087347541292
877.7428072220445
877.7768668627407
877.810913704129
877.8449477740081
877.8789691000654
877.9129777098767
877.9469736309079
877.9809568905148
878.0149275159439
878.0488855343337
878.0828309727142
878.1167638580085
878.1506842170336
878.1845920764995
878.2184874630111
878.252370403069
878.2862409230689
878.3200990493034
878.3539448079621
878.3877782251313
878.4215993267968
878.4554081388422
878.4892046870507
878.5229889971054
878.556761094589
878.5905210049872
878.6242687536851
878.6580043659714
878.6917278670364
878.7254392819748
878.7591386357832
878.7928259533644
878.8265012595249
878.8601645789768
878.8938159363383
878.9274553561338
878.9610828627939
878.9946984806583
879.0283022339734
879.061894146894
879.095474243484
879.1290425477175
879.1625990834776
879.1961438745577
879.229676944663
879.2631983174091
879.296708016324
879.3302060648487
879.3636924863355
879.3971673040514
879.4306305411762
879.4640822208047
879.4975223659459
879.5309509995243
879.5643681443794
879.5977738232674
879.631168058861
879.664550873749
879.6979222904387
879.7312823313545
879.7646310188397
879.7979683751557
879.8312944224831
879.8646091829224
879.8979126784936
879.9312049311376
879.9644859627156
879.9977557950103
880.0310144497267
880.0642619484909
880.0974983128519
880.1307235642812
880.1639377241742
880.1971408138495
880.2303328545499
880.2635138674425
880.2966838736197
880.329842894099
880.3629909498229
880.3961280616605
880.4292542504074
880.4623695367862
880.495473941445
880.5285674849604
880.561650187838
880.5947220705104
880.6277831533394
880.6608334566151
880.6938730005572
880.7269018053155
880.7599198909695
880.7929272775294
880.8259239849353
880.858910033059
880.8918854417044
880.9248502306059
880.9578044194311
880.9907480277794
881.0236810751834
881.0566035811087
881.089515564954
881.1224170460529
881.1553080436721
881.1881885770134
881.2210586652121
881.2539183273404
881.2867675824048
881.3196064493477
881.3524349470479
881.3852530943202
881.4180609099166
881.4508584125251
881.4836456207723
881.5164225532216
881.5491892283742
881.5819456646699
881.6146918804872
881.6474278941431
881.6801537238931
881.7128693879336
881.7455749043994
881.7782702913657
881.8109555668482
881.8436307488029
881.8762958551263
881.9089509036562
881.9415959121727
881.9742308983973
882.0068558799921
882.0394708745629
882.072075899658
882.1046709727672
882.1372561113245
882.1698313327074
882.202396654236
882.2349520931754
882.2674976667336
882.3000333920639
882.3325592862644
882.3650753663773
882.3975816493906
882.4300781522378
882.4625648917973
882.4950418848941
882.5275091482996
882.5599666987309
882.5924145528521
882.6248527272747
882.6572812385567
882.6897001032042
882.72210933767
882.7545089583557
882.7868989816106
882.8192794237331
882.8516503009689
882.8840116295137
882.9163634255119
882.9487057050574
882.9810384841933
883.0133617789127
883.0456756051586
883.0779799788246
883.1102749157545
883.1425604317427
883.1748365425348
883.2071032638274
883.239360611268
883.2716086004566
883.3038472469443
883.3360765662345
883.3682965737829
883.4005072849972
883.432708715238
883.4649008798191
883.4970837940073
883.5292574730221
883.5614219320372
883.5935771861793
883.6257232505299
883.6578601401237
883.6899878699502
883.7221064549532
883.7542159100312
883.7863162500387
883.8184074897833
883.8504896440289
883.8825627274958
883.9146267548591
883.9466817407496
883.9787276997546
884.0107646464176
884.0427925952383
884.0748115606733
884.1068215571364
884.1388225989978
884.1708147005854
884.2027978761843
884.234772140037
884.2667375063443
884.2986939892642
884.3306416029136
884.3625803613672
884.3945102786586
884.4264313687795
884.4583436456811
884.4902471232735
884.5221418154259
884.5540277359667
884.5859048986832
884.6177733173247
884.6496330055977
884.6814839771705
884.7133262456709
884.7451598246868
884.7769847277681
884.8088009684243
884.8406085601256
884.8724075163033
884.9041978503509
884.9359795756225
884.9677527054345
884.9995172530637
885.0312732317495
885.0630206546942
885.0947595350608
885.1264898859752
885.1582117205259
885.1899250517637
885.2216298927035
885.253326256322
885.2850141555588
885.3166936033175
885.3483646124655
885.3800271958319
885.4116813662115
885.4433271363627
885.4749645190067
885.5065935268299
885.5382141724829
885.5698264685806
885.6014304277023
885.6330260623931
885.6646133851615
885.6961924084819
885.7277631447937
885.7593256065018
885.7908798059761
885.822425755553
885.8539634675336
885.8854929541856
885.9170142277422
885.948527300403
885.9800321843351
886.0115288916694
886.0430174345051
886.0744978249083
886.1059700749115
886.1374341965137
886.1688902016818
886.2003381023492
886.231777910417
886.2632096377544
886.2946332961967
886.326048897549
886.3574564535819
886.3888559760362
886.4202474766196
886.4516309670084
886.4830064588467
886.5143739637479
886.5457334932938
886.5770850590344
886.6084286724893
886.6397643451473
886.6710920884651
886.70241191387
886.7337238327578
886.765027856494
886.7963239964138
886.8276122638217
886.8588926699932
886.8901652261723
886.9214299435732
886.9526868333822
886.9839359067535
887.0151771748125
887.0464106486555
887.0776363393488
887.1088542579308
887.140064415409
887.1712668227632
887.202461490944
887.2336484308724
887.2648276534418
887.2959991695164
887.3271629899323
887.3583191254963
887.3894675869884
887.4206083851589
887.4517415307313
887.4828670344008
887.5139849068346
887.5450951586719
887.5761978005256
887.6072928429794
887.6383802965901
887.669460171888
887.7005324793754
887.7315972295273
887.7626544327928
887.7937040995931
887.8247462403227
887.85578086535
887.8868079850157
887.9178276096352
887.948839749497
887.9798444148627
888.0108416159688
888.0418313630256
888.0728136662166
888.1037885356998
888.134755981607
888.1657160140443
888.1966686430934
888.2276138788096
888.2585517312226
888.2894822103357
888.320405326129
888.3513210885567
888.3822295075477
888.4131305930056
888.4440243548105
888.4749108028159
888.505789946851
888.5366617967217
888.5675263622082
888.5983836530667
888.6292336790284
888.6600764498011
888.6909119750686
888.7217402644891
888.7525613276988
888.7833751743084
888.8141818139055
888.844981256054
888.8757735102938
888.9065585861415
888.9373364930902
888.9681072406095
888.9988708381459
889.0296272951224
889.0603766209384
889.091118824972
889.1218539165765
889.1525819050823
889.1833027997989
889.2140166100108
889.2447233449815
889.2754230139507
889.3061156261366
889.3368011907344
889.3674797169166
889.3981512138348
889.4288156906166
889.4594731563692
889.4901236201764
889.5207670911019
889.5514035781854
889.5820330904459
889.6126556368802
889.6432712264645
889.6738798681525
889.7044815708767
889.7350763435478
889.7656641950558
889.796245134269
889.8268191700348
889.8573863111794
889.8879465665071
889.9184999448026
889.9490464548294
889.9795861053301
890.0101189050256
890.0406448626176
890.0711639867858
890.1016762861902
890.1321817694704
890.1626804452449
890.1931723221131
890.2236574086527
890.2541357134224
890.2846072449601
890.3150720117835
890.3455300223911
890.3759812852609
890.4064258088508
890.4368636015993
890.4672946719254
890.4977190282285
890.5281366788881
890.5585476322639
890.5889518966965
890.6193494805078
890.6497403919997
890.6801246394544
890.7105022311359
890.7408731752884
890.7712374801364
890.8015951538869
890.831946204728
890.8622906408269
890.8926284703346
890.922959701381
890.9532843420794
890.983602400523
891.0139138847869
891.0442188029283
891.0745171629853
891.1048089729778
891.1350942409075
891.1653729747572
891.1956451824929
891.2259108720607
891.2561700513905
891.2864227283926
891.3166689109607
891.3469086069699
891.3771418242777
891.4073685707231
891.437588854128
891.467802682297
891.498010063017
891.5282110040566
891.5584055131676
891.5885935980843
891.6187752665235
891.6489505261845
891.6791193847506
891.709281849885
891.7394379292375
891.7695876304376
891.7997309611001
891.8298679288221
891.8599985411829
891.8901228057456
891.9202407300572
891.9503523216468
891.9804575880273
892.0105565366952
892.0406491751298
892.0707355107947
892.100815551136
892.1308893035839
892.1609567755524
892.1910179744393
892.2210729076257
892.2511215824763
892.2811640063398
892.3112001865491
892.3412301304211
892.3712538452564
892.4012713383395
892.431282616939
892.4612876883085
892.4912865596843
892.5212792382881
892.551265731326
892.5812460459873
892.6112201894466
892.6411881688624
892.6711499913789
892.701105664123
892.7310551942071
892.7609985887284
892.7909358547689
892.8208669993949
892.8507920296576
892.8807109525931
892.9106237752225
892.9405305045515
892.9704311475706
893.0003257112559
893.0302142025679
893.0600966284532
893.0899729958423
893.1198433116527
893.1497075827846
893.1795658161257
893.2094180185481
893.2392641969094
893.2691043580525
893.2989385088058
893.3287666559835
893.3585888063855
893.3884049667969
893.4182151439879
893.4480193447155
893.4778175757225
893.5076098437364
893.5373961554711
893.567176517626
893.5969509368867
893.626719419926
893.656481973401
893.6862386039554
893.7159893182185
893.7457341228065
893.7754730243219
893.8052060293519
893.834933144472
893.8646543762427
893.8943697312113
893.9240792159115
893.9537828368631
893.9834806005728
894.0131725135328
894.0428585822232
894.0725388131092
894.1022132126449
894.1318817872684
894.1615445434063
894.1912014874715
894.2208526258631
894.2504979649674
894.280137511158
894.3097712707954
894.3393992502265
894.3690214557851
894.3986378937925
894.428248570557
894.4578534923736
894.4874526655248
894.5170460962801
894.5466337908966
894.5762157556183
894.605791996676
894.6353625202885
894.664927332662
894.6944864399902
894.7240398484538
894.7535875642213
894.7831295934482
894.8126659422777
894.8421966168411
894.8717216232566
894.9012409676312
894.930754656058
894.9602626946188
894.9897650893834
895.0192618464091
895.0487529717403
895.0782384714107
895.1077183514411
895.1371926178401
895.1666612766045
895.1961243337187
895.2255817951561
895.2550336668777
895.2844799548322
895.313920664957
895.3433558031771
895.3727853754065
895.4022093875471
895.4316278454892
895.461040755111
895.4904481222787
895.519849952849
895.5492462526639
895.5786370275564
895.6080222833473
895.637402025845
895.6667762608477
895.6961449941415
895.7255082315015
895.7548659786912
895.7842182414627
895.813565025557
895.8429063367035
895.8722421806214
895.9015725630177
895.9308974895876
895.960216966017
895.9895309979796
896.0188395911384
896.0481427511454
896.0774404836417
896.1067327942565
896.1360196886092
896.1653011723076
896.1945772509491
896.22384793012
896.2531132153957
896.282373112341
896.3116276265097
896.3408767634456
896.3701205286809
896.3993589277379
896.4285919661277
896.4578196493508
896.4870419828977
896.5162589722476
896.5454706228696
896.574676940223
896.6038779297554
896.6330735969042
896.6622639470974
896.6914489857515
896.720628718274
896.7498031500603
896.778972286497
896.8081361329592
896.8372946948132
896.8664479774137
896.8955959861067
896.9247387262266
896.9538762030992
896.9830084220389
897.0121353883505
897.0412571073286
897.0703735842584
897.0994848244147
897.1285908330625
897.1576916154565
897.1867871768419
897.215877522454
897.2449626575177
897.2740425872503
897.3031173168555
897.3321868515303
897.3612511964611
897.3903103568242
897.4193643377869
897.4484131445064
897.4774567821302
897.5064952557966
897.5355285706343
897.5645567317617
897.5935797442888
897.6225976133153
897.6516103439316
897.680617941219
897.7096204102495
897.7386177560847
897.767609983777
897.796597098371
897.8255791049005
897.8545560083905
897.8835278138567
897.9124945263056
897.9414561507346
897.9704126921306
897.9993641554737
898.0283105457335
898.0572518678699
898.086188126835
898.1151193275714
898.1440454750124
898.1729665740817
898.2018826296955
898.2307936467598
898.2596996301721
898.2886005848211
898.3174965155864
898.3463874273389
898.3752733249407
898.4041542132438
898.4330300970936
898.461900981325
898.4907668707654
898.5196277702321
898.5484836845344
898.5773346184732
898.6061805768401
898.6350215644186
898.6638575859834
898.6926886463006
898.7215147501274
898.7503359022129
898.7791521072982
898.8079633701138
898.8367696953839
898.8655710878231
898.8943675521381
898.9231590930274
898.9519457151799
898.9807274232769
899.0095042219918
899.0382761159892
899.0670431099252
899.0958052084475
899.1245624161962
899.1533147378028
899.1820621778899
899.2108047410735
899.2395424319599
899.2682752551477
899.297003215228
899.3257263167823
899.3544445643859
899.3831579626041
899.4118665159957
899.4405702291108
899.4692691064915
899.4979631526719
899.5266523721783
899.5553367695286
899.5840163492335
899.6126911157954
899.6413610737081
899.670026227459
899.6986865815261
899.7273421403798
899.755992908484
899.7846388902944
899.8132800902581
899.8419165128144
899.870548162396
899.8991750434267
899.9277971603232
899.9564145174946
899.9850271193419
900.0136349702592
900.042238074632
900.0708364368392
900.0994300612517
900.1280189522322
900.156603114137
900.1851825513137
900.213757268103
900.2423272688386
900.2708925578459
900.2994531394437
900.3280090179426
900.3565601976459
900.38510668285
900.4136484778436
900.4421855869076
900.4707180143159
900.4992457643359
900.5277688412266
900.5562872492403
900.5848009926211
900.6133100756078
900.6418145024297
900.6703142773109
900.6988094044667
900.7272998881059
900.7557857324304
900.7842669416348
900.8127435199063
900.8412154714251
900.8696828003643
900.8981455108908
900.9266036071626
900.9550570933321
900.9835059735447
901.0119502519375
901.0403899326426
901.0688250197837
901.097255517478
901.125681429835
901.154102760959
901.1825195149462
901.2109316958857
901.2393393078603
901.2677423549457
901.2961408412115
901.3245347707193
901.3529241475247
901.3813089756757
901.4096892592148
901.4380650021762
901.4664362085891
901.4948028824751
901.5231650278494
901.5515226487194
901.5798757490869
901.608224332947
901.6365684042881
901.6649079670915
901.6932430253327
901.7215735829802
901.7498996439962
901.7782212123358
901.8065382919476
901.8348508867743
901.8631590007515
901.8914626378083
901.9197618018682
901.948056496847
901.9763467266547
902.0046324951951
902.0329138063654
902.0611906640561
902.0894630721516
902.1177310345297
902.1459945550621
902.1742536376147
902.2025082860456
902.2307585042078
902.2590042959473
902.2872456651048
902.3154826155138
902.3437151510018
902.3719432753907
902.4001669924949
902.4283863061233
902.4566012200794
902.484811738159
902.5130178641533
902.5412196018456
902.569416955015
902.5976099274327
902.6257985228649
902.653982745072
902.682162597807
902.7103380848182
902.7385092098467
902.7666759766282
902.7948383888929
902.8229964503637
902.8511501647586
902.8792995357891
902.9074445671615
902.9355852625749
902.9637216257231
902.991853660294
903.0199813699705
903.0481047584279
903.0762238293366
903.1043385863616
903.1324490331601
903.1605551733858
903.1886570106853
903.2167545486997
903.244847791064
903.2729367414079
903.3010214033555
903.3291017805243
903.357177876527
903.3852496949696
903.4133172394534
903.4413805135732
903.4694395209184
903.4974942650725
903.5255447496137
903.5535909781147
903.5816329541419
903.609670681257
903.6377041630151
903.6657334029665
903.6937584046549
903.7217791716199
903.7497957073945
903.7778080155063
903.8058160994774
903.8338199628242
903.861819609058
903.8898150416846
903.9178062642043
903.9457932801114
903.9737760928958
904.0017547060407
904.0297291230247
904.0576993473205
904.0856653823962
904.1136272317135
904.141584898729
904.1695383868938
904.1974876996546
904.225432840452
904.253373812721
904.2813106198918
904.3092432653887
904.3371717526318
904.3650960850347
904.3930162660063
904.4209322989506
904.4488441872655
904.4767519343441
904.5046555435741
904.5325550183386
904.5604503620148
904.5883415779747
904.6162286695858
904.6441116402096
904.6719904932028
904.6998652319177
904.7277358597003
904.7556023798916
904.7834647958279
904.8113231108406
904.8391773282559
904.8670274513944
904.8948734835718
904.9227154280995
904.9505532882829
904.9783870674231
905.0062167688154
905.0340423957509
905.0618639515146
905.0896814393883
905.1174948626468
905.1453042245611
905.1731095283969
905.2009107774159
905.2287079748735
905.2565011240202
905.284290228103
905.3120752903627
905.339856314036
905.3676333023541
905.3954062585433
905.4231751858254
905.4509400874172
905.478700966531
905.506457826374
905.5342106701488
905.5619595010529
905.5897043222785
905.6174451370136
905.6451819484423
905.6729147597425
905.700643574088
905.728368394648
905.7560892245863
905.7838060670629
905.8115189252322
905.8392278022447
905.866932701246
905.894633625376
905.9223305777715
905.9500235615633
905.9777125798786
906.0053976358395
906.0330787325635
906.0607558731631
906.0884290607466
906.1160982984179
906.1437635892761
906.1714249364156
906.1990823429267
906.2267358118935
906.2543853463982
906.2820309495163
906.3096726243193
906.3373103738751
906.3649442012459
906.3925741094902
906.4202001016614
906.4478221808093
906.4754403499778
906.5030546122074
906.5306649705341
906.5582714279899
906.5858739876007
906.6134726523894
906.6410674253741
906.6686583095685
906.6962453079819
906.7238284236192
906.7514076594806
906.7789830185627
906.8065545038571
906.8341221183513
906.8616858650283
906.8892457468669
906.916801766842
906.9443539279231
906.9719022330756
906.999446685262
907.0269872874392
907.05452404256
907.0820569535733
907.1095860234235
907.1371112550506
907.1646326513905
907.1921502153755
907.2196639499324
907.2471738579848
907.2746799424514
907.3021822062475
907.3296806522832
907.3571752834648
907.3846661026956
907.412153112873
907.4396363168914
907.4671157176407
907.4945913180067
907.5220631208708
907.5495311291098
907.5769953455981
907.6044557732042
907.6319124147939
907.6593652732273
907.6868143513622
907.714259652051
907.7417011781432
907.7691389324834
907.7965729179125
907.8240031372666
907.8514295933788
907.8788522890776
907.9062712271881
907.9336864105308
907.9610978419224
907.9885055241755
908.0159094600988
908.043309652497
908.0707061041707
908.0980988179173
908.1254877965298
908.1528730427966
908.1802545595032
908.2076323494301
908.2350064153547
908.2623767600509
908.2897433862877
908.3171062968303
908.3444654944404
908.3718209818762
908.3991727618915
908.426520837236
908.4538652106561
908.4812058848939
908.508542862688
908.5358761467737
908.5632057398811
908.5905316447378
908.6178538640668
908.6451724005875
908.672487257016
908.6997984360636
908.7271059404388
908.754409772846
908.7817099359859
908.8090064325555
908.8362992652477
908.8635884367513
908.8908739497529
908.9181558069336
908.9454340109723
908.9727085645437
908.9999794703183
909.027246730963
909.0545103491418
909.0817703275137
909.1090266687357
909.1362793754599
909.1635284503351
909.1907738960068
909.2180157151166
909.2452539103019
909.2724884841971
909.2997194394333
909.326946778637
909.3541705044322
909.381390619439
909.4086071262732
909.435820027547
909.4630293258706
909.4902350238494
909.5174371240846
909.5446356291752
909.5718305417162
909.5990218642993
909.6262095995118
909.6533937499385
909.6805743181598
909.7077513067535
909.7349247182933
909.7620945553491
909.789260820488
909.8164235162734
909.8435826452652
909.8707382100198
909.8978902130901
909.9250386570259
909.9521835443726
909.9793248776735
910.0064626594675
910.0335968922908
910.0607275786748
910.087854721149
910.1149783222393
910.1420983844673
910.169214910352
910.1963279024087
910.2234373631491
910.2505432950825
910.2776457007133
910.3047445825439
910.331839943073
910.3589317847953
910.3860201102026
910.413104921784
910.4401862220238
910.4672640134045
910.4943382984048
910.5214090794993
910.5484763591604
910.5755401398567
910.6026004240531
910.6296572142122
910.656710512793
910.6837603222506
910.7108066450367
910.7378494836013
910.7648888403899
910.7919247178452
910.8189571184062
910.8459860445088
910.8730114985856
910.9000334830669
910.927052000379
910.954067052945
910.9810786431846
911.0080867735147
911.035091446349
911.0620926640985
911.0890904291695
911.1160847439658
911.1430756108897
911.1700630323379
911.1970470107059
911.1764491460999
911.0737019089869
910.971016138689
910.8683917702065
910.765828738639
910.6633269791862
910.5608864271456
910.4585070179154
910.3561886869918
910.2539313699688
910.151735002539
910.0495995204953
909.9475248597272
909.8455109562226
909.7435577460662
909.6416651654405
909.5398331506251
909.4380616379967
909.3363505640292
909.2346998652943
909.1331094784568
909.0315793402799
908.9301093876221
908.8286995574379
908.7273497867785
908.6260600127897
908.5248301727127
908.4236602038835
908.3225500437338
908.2214996297893
908.1205088996708
908.0195777910934
907.9187062418654
907.8178941898905
907.7171415731651
907.6164483297796
907.5158143979177
907.4152397158565
907.3147242219658
907.2142678547085
907.1138705526399
907.0135322544085
906.9132528987542
906.8130324245095
906.7128707705984
906.6127678760374
906.512723679932
906.412738121483
906.3128111399807
906.212942674806
906.1131326654315
906.0133810514194
905.9136877724229
905.8140527681854
905.7144759785408
905.6149573434138
905.5154968028168
905.416094296852
905.3167497657115
905.2174631496773
905.11823438912
905.0190634244983
904.9199501963606
904.820894645344
904.7218967121732
904.6229563376611
904.5240734627093
904.4252480283069
904.3264799755301
904.2277692455434
904.1291157795986
904.0305195190334
903.9319804052741
903.833498379833
903.7350733843091
903.636705360388
903.5383942498419
903.4401399945283
903.3419425363912
903.2438018174602
903.1457177798508
903.047690365764
902.9497195174841
902.851805177383
902.7539472879175
902.6561457916289
902.5584006311428
902.4607117491691
902.363079088502
902.2655025920201
902.1679822026856
902.0705178635461
901.973109517732
901.8757571084545
901.7784605790113
901.6812198727816
901.5840349332287
901.4869057038983
901.3898321284184
901.2928141504999
901.1958517139363
901.0989447626032
901.0020932404582
900.9052970915403
900.8085562599705
900.7118706899519
900.6152403257679
900.5186651117845
900.4221449924476
900.3256799122847
900.2292698159042
900.1329146479947
900.0366143533255
899.9403688767464
899.8441781631865
899.7480421576556
899.6519608052436
899.55593405112
899.4599618405329
899.364044118809
899.2681808313581
899.1723719236666
899.0766173413
898.9809170299028
898.8852709351972
898.7896790029854
898.6941411791472
898.5986574096406
898.5032276405036
898.4078518178477
898.3125298878649
898.2172617968245
898.122047491073
898.0268869170344
897.93178002121
897.8367267501781
897.7417270505937
897.6467808691885
897.5518881527707
897.4570488482256
897.3622629025134
897.2675302626719
897.1728508758142
897.0782246891291
896.9836516498816
896.889131705412
896.7946648031357
896.7002508905439
896.6058899152026
896.511581824753
896.4173265669114
896.3231240894677
896.2289743402873
896.1348772673102
896.0408328185504
895.9468409420941
895.852901586105
895.7590146988191
895.6651802285464
895.5713981236698
895.477668332646
895.3839908040055
895.2903654863512
895.1967923283596
895.103271278781
895.0098022864369
894.9163853002208
894.8230202690999
894.729707142114
894.6364458683747
894.5432363970654
894.4500786774419
894.3569726588318
894.2639182906345
894.1709155223206
894.077964303432
893.9850645835824
893.8922163124563
893.7994194398096
893.7066739154687
893.6139796893309
893.5213367113638
893.428744931606
893.3362043001664
893.2437147672237
893.1512762830272
893.0588887978953
892.9665522622176
892.8742666264525
892.7820318411282
892.689847856842
892.5977146242606
892.5056320941193
892.4136002172245
892.3216189444507
892.2296882267409
892.1378080151063
892.0459782606276
891.9541989144535
891.8624699278005
891.7707912519544
891.6791628382696
891.5875846381654
891.4960566031309
891.4045786847229
891.3131508345651
891.2217730043491
891.1304451458342
891.0391672108461
890.9479391512784
890.8567609190907
890.7656324663102
890.6745537450304
890.5835247074111
890.4925453056792
890.401615492128
890.3107352191162
890.2199044390687
890.1291231044775
890.0383911678991
889.9477085819561
889.8570752993371
889.7664912727957
889.6759564551514
889.5854707992881
889.495034258156
889.4046467847692
889.3143083322071
889.2240188536123
889.1337783021952
889.0435866312299
888.9534437940534
888.8633497440684
888.773304434741
888.6833078196014
888.5933598522439
888.503460486327
888.4136096755744
888.3238073737697
888.2340535347614
888.1443481124625
888.0546910608479
887.9650823339566
887.8755218858903
887.7860096708137
887.6965456429544
887.6071297566024
887.5177619661105
887.4284422258941
887.3391704904302
887.2499467142592
887.160770851983
887.0716428582651
886.9825626878315
886.8935302954699
886.8045456360298
886.7156086644216
886.6267193356176
886.537877604652
886.4490834266197
886.3603367566762
886.2716375500388
886.1829857619856
886.0943813478557
886.0058242630466
885.9173144630197
885.8288519032957
885.7404365394556
885.6520683271405
885.5637472220518
885.4754731799503
885.3872461566579
885.2990661080551
885.2109329900846
885.1228467587463
885.0348073700989
884.9468147802619
884.8588689454143
884.7709698217938
884.6831173656972
884.5953115334805
884.5075522815583
884.4198395664043
884.3321733445513
884.2445535725894
884.156980207168
884.0694532049945
883.9819725228351
883.8945381175139
883.8071499459126
883.7198079649712
883.6325121316877
883.5452624031179
883.458058736375
883.3709010886297
883.2837894171099
883.1967236791012
883.1097038319464
883.0227298330456
882.9358016398556
882.8489192098893
882.762082500717
882.6752914699678
882.5885460753246
882.5018462745289
882.4151920253776
882.3285832857234
882.2420200134768
882.1555021666031
882.0690297031181
881.9826025810895
881.8962207586671
881.8098841940396
881.7235928454519
881.6373466712042
881.5511456296526
881.4649896792085
881.3788787783386
881.2928128855639
881.2067919594612
881.1208159586622
881.0348848418532
880.9489985677761
880.8631570952267
880.7773603830553
880.6916083901671
880.6059010755215
880.5202383981322
880.4346203170672
880.3490467914485
880.263517780452
880.1780332433082
880.0925931393006
880.0071974277666
879.9218460680976
879.8365390197381
879.7512762421865
879.666057694994
879.580883337766
879.4957531301599
879.410667031887
879.3256250027113
879.2406270024497
879.1556729909723
879.0707629282011
878.9858967741111
878.901074488731
878.81629603214
878.7315613644711
878.6468704459088
878.5622232366896
878.477619697103
878.3930597874898
878.308543468243
878.2240706998072
878.1396414426783
878.055255657405
877.9709133045866
877.8866143448746
877.8023587389707
877.7181464476292
877.6339774316547
877.5498516519032
877.4657690692821
877.3817296447495
877.2977333393134
877.2137801140337
877.1298699300214
877.0460027484368
876.9621785304909
876.8783972374455
876.794658830613
876.7109632713557
876.6273105210859
876.5437005412663
876.4601332934091
876.3766087390771
876.2931268398827
876.209687557487
876.1262908536022
876.0429366899895
875.9596250284593
875.8763558308718
875.7931290591362
875.7099446752113
875.6268026411044
875.5437029188723
875.4606454706208
875.3776302585047
875.2946572447272
875.2117263915402
875.1288376612448
875.0459910161895
874.963186418773
874.8804238314412
874.7977032166888
874.7150245370583
874.6323877551412
874.5497928335758
874.467239735049
874.384728422296
874.3022588580993
874.2198310052894
874.137444826744
874.0551002853889
873.9727973441976
873.8905359661906
873.8083161144358
873.7261377520485
873.6440008421904
873.5619053480717
873.4798512329487
873.3978384601245
873.3158669929497
873.2339367948217
873.152047829184
873.070200059527
872.9883934493878
872.9066279623497
872.8249035620427
872.7432202121432
872.6615778763733
872.5799765185016
872.4984161023427
872.4168965917578
872.3354179506534
872.2539801429817
872.172583132741
872.0912268839754
872.0099113607746
871.9286365272734
871.8474023476527
871.7662087861386
871.685055807002
871.6039433745595
871.5228714531736
871.4418400072507
871.3608490012427
871.2798983996462
871.1989881670037
871.1181182679009
871.0372886669697
870.9564993288853
870.8757502183686
870.7950413001846
870.7143725391427
870.6337439000963
870.5531553479437
870.4726068476272
870.3920983641331
870.3116298624919
870.2312013077783
870.1508126651102
870.0704638996505
869.9901549766042
869.9098858612217
869.829656518796
869.7494669146643
869.6693170142063
869.5892067828463
869.5091361860511
869.4291051893314
869.3491137582405
869.2691618583751
869.189249455375
869.109376514923
869.0295430027445
868.9497488846085
868.8699941263259
868.7902786937508
868.7106025527797
868.6309656693519
868.5513680094487
868.4718095390944
868.3922902243556
868.3128100313411
868.2333689262018
868.1539668751307
868.0746038443631
867.995279800176
867.9159947088888
867.836748536862
867.7575412504988
867.6783728162435
867.5992432005825
867.5201523700438
867.4411002911963
867.3620869306511
867.2831122550605
867.2041762311177
867.1252788255576
867.0464200051564
866.9675997367311
866.8888179871398
866.8100747232817
866.7313699120971
866.6527035205665
866.574075515712
866.4954858645964
866.4169345343225
866.3384214920338
866.259946704915
866.1815101401907
866.103111765126
866.0247515470265
865.9464294532379
865.8681454511462
865.7898995081779
865.7116915917985
865.6335216695143
865.5553897088718
865.4772956774566
865.3992395428945
865.3212212728515
865.2432408350329
865.165298197183
865.0873933270867
865.0095261925683
864.9316967614907
864.8539050017569
864.7761508813088
864.6984343681278
864.6207554302338
864.543114035687
864.4655101525864
864.3879437490691
864.3104147933118
864.2329232535297
864.1554690979774
864.0780522949475
864.0006728127721
863.9233306198214
863.8460256845042
863.7687579752677
863.6915274605979
863.6143341090191
863.5371778890933
863.4600587694216
863.3829767186426
863.3059317054336
863.2289236985096
863.1519526666241
863.0750185785673
862.9981214031687
862.921261109295
862.8444376658506
862.767651041778
862.6909012060568
862.6141881277046
862.5375117757764
862.4608721193645
862.3842691275985
862.3077027696462
862.2311730147119
862.1546798320373
862.0782231909011
862.0018030606194
861.9254194105454
861.8490722100686
861.7727614286163
861.6964870356527
861.6202490006779
861.5440472932298
861.4678818828821
861.3917527392459
861.3156598319687
861.2396031307339
861.1635826052619
861.0875982253095
861.0116499606701
860.9357377811726
860.859861656683
860.784021557103
860.7082174523708
860.6324493124598
860.5567171073803
860.4810208071789
860.4053603819368
860.329735801772
860.2541470368378
860.1785940573241
860.1030768334548
860.02759533549
859.9521495337259
859.8767393984955
859.801364900165
859.726026009137
859.6507226958493
859.5754549307752
859.500222684423
859.4250259273359
859.3498646300937
859.2747387633101
859.1996482976326
859.124593203745
859.0495734523655
858.9745890142477
858.8996398601801
858.824725960985
858.7498472875202
858.6750038106775
858.6001955013843
858.5254223306019
858.4506842693257
858.375981288586
858.3013133594471
858.2266804530082
858.1520825404018
858.0775195927961
858.002991581392
857.928498477425
857.8540402521649
857.7796168769152
857.7052283230131
857.63087456183
857.5565555647713
857.4822713032761
857.4080217488169
857.3338068729003
857.2596266470656
857.1854810428872
857.111370031972
857.0372935859604
856.963251676526
856.8892442753768
856.8152713542528
856.7413328849284
856.6674288392103
856.593559188939
856.5197239059878
856.445922962263
856.3721563297042
856.2984239802838
856.2247258860069
856.1510620189116
856.0774323510689
856.0038368545823
855.9302755015883
855.8567482642561
855.7832551147872
855.7097960254152
855.6363709684076
855.5629799160632
855.4896228407137
855.4162997147223
855.3430105104856
855.2697552004321
855.1965337570224
855.1233461527488
855.0501923601366
854.9770723517425
854.9039861001557
854.8309335779968
854.7579147579189
854.6849296126063
854.6119781147759
854.5390602371757
854.4661759525854
854.3933252338168
854.3205080537127
854.2477243851484
854.17497420103
854.1022574742954
854.0295741779134
853.9569242848846
853.8843077682408
853.8117246010456
853.7391747563935
853.6666582074096
853.5941749272507
853.5217248891051
853.4493080661911
853.3769244317587
853.3045739590885
853.2322566214926
853.1599723923138
853.0877212449249
853.01550315273
852.9433180891643
852.8711660276928
852.7990469418121
852.7269608050491
852.6549075909608
852.5828872731347
852.510899825189
852.4389452207724
852.3670234335643
852.2951344372732
852.2232782056386
852.1514547124306
852.0796639314486
852.0079058365227
851.9361804015131
851.8644876003096
851.7928274068323
851.7211997950316
851.6496047388866
851.5780422124077
851.506512189634
851.4350146446346
851.3635495515089
851.2921168843852
851.2207166174222
851.1493487248074
851.078013180758
851.0067099595211
850.9354390353733
850.8642003826197
850.7929939755959
850.721819788666
850.6506777962242
850.5795679726928
850.508490292524
850.4374447301993
850.3664312602284
850.2954498571513
850.2245004955362
850.15358314998
850.0826977951094
850.0118444055796
849.9410229560743
849.8702334213066
849.7994757760177
849.7287499949776
849.6580560529861
849.5873939248701
849.5167635854853
849.4461650097168
849.3755981724776
849.3050630487094
849.2345596133822
849.1640878414942
849.093647708072
849.0232391881711
848.9528622568743
848.8825168892927
848.8122030605663
848.7419207458622
848.6716699203768
848.6014505593338
848.5312626379847
848.4611061316095
848.3909810155158
848.3208872650387
848.2508248555419
848.1807937624163
848.1107939610811
848.0408254269825
847.9708881355949
847.9009820624201
847.8311071829875
847.761263472854
847.6914509076039
847.6216694628497
847.5519191142304
847.4821998374124
847.4125116080902
847.3428544019852
847.2732281948456
847.2036329624475
847.1340686805938
847.0645353251148
846.9950328718675
846.9255612967365
846.8561205756328
846.786710684495
846.717331599288
846.6479832960041
846.5786657506621
846.5093789393079
846.4401228380143
846.3708974228804
846.3017026700326
846.2325385556233
846.163405055832
846.0943021468642
846.0252298049528
845.9561880063567
845.887176727361
845.818195944278
845.7492456334455
845.6803257712287
845.6114363340184
845.5425772982315
845.4737486403114
845.404950336728
845.336182363977
845.2674446985804
845.1987373170863
845.1300601960685
845.0614133121272
844.9927966418888
844.9242101620052
844.855653849154
844.7871276800388
844.7186316313895
844.6501656799612
844.581729802535
844.5133239759177
844.444948176942
844.3766023824656
844.3082865693725
844.240000714572
844.1717447949992
844.1035187876137
844.0353226694017
843.9671564173742
843.8990200085676
843.8309134200441
843.7628366288905
843.6947896122196
843.6267723471689
843.5587848109013
843.4908269806049
843.4228988334927
843.355000346803
843.2871314977987
843.2192922637687
843.1514826220259
843.0837025499085
843.0159520247801
842.9482310240279
842.8805395250653
842.8128775053298
842.7452449422835
842.6776418134135
842.6100680962318
842.5425237682748
842.4750088071036
842.4075231903038
842.3400668954858
842.2726399002843
842.2052421823583
842.1378737193917
842.0705344890923
842.0032244691927
841.9359436374496
841.8686919716438
841.801469449581
841.7342760490907
841.6671117480264
841.5999765242666
841.532870355713
841.4657932202919
841.3987450959535
841.331725960672
841.2647357924455
841.1977745692967
841.1308422692712
841.0639388704394
840.9970643508948
840.9302186887556
840.8634018621633
840.7966138492827
840.7298546283033
840.6631241774371
840.5964224749212
840.5297494990151
840.4631052280024
840.3964896401903
840.3299027139093
840.2633444275134
840.1968147593805
840.1303136879113
840.06384119153
839.997397248685
839.9309818378467
839.8645949375097
839.7982365261914
839.7319065824329
839.6656050847981
839.5993320118738
839.5330873422705
839.4668710546215
839.4006831275834
839.3345235398356
839.2683922700808
839.2022892970438
839.1362145994735
839.0701681561407
839.0041499458397
838.9381599473872
838.8721981396237
838.8062645014107
838.740359011634
838.6744816492015
838.608632393044
838.5428112221141
838.4770181153883
838.4112530518646
838.3455160105643
838.2798069705308
838.2141259108299
838.1484728105504
838.0828476488028
838.0172504047202
837.9516810574582
837.8861395861952
837.8206259701312
837.7551401884882
837.6896822205113
837.6242520454674
837.5588496426458
837.4934749913571
837.428128070935
837.3628088607351
837.2975173401343
837.2322534885323
837.1670172853504
837.1018087100323
837.0366277420427
836.9714743608695
836.9063485460214
836.8412502770291
836.7761795334454
836.7111362948449
836.6461205408234
836.5811322509988
836.5161714050115
836.4512379825219
836.3863319632131
836.3214533267895
836.2566020529775
836.1917781215238
836.1269815121983
836.0622122047911
835.9974701791137
835.9327554150001
835.8680678923047
835.8034075909038
835.7387744906944
835.6741685715951
835.6095898135462
835.545038196509
835.4805137004653
835.4160163054189
835.3515459913943
835.2871027384358
835.2226865266118
835.1582973360111
835.0939351467415
835.0295999389338
834.9652916927383
834.9010103883271
834.8367560058932
834.7725285256499
834.7083279278338
834.6441541926982
834.5800073005195
834.5158872315947
834.4517939662412
834.3877274847973
834.3236877676219
834.2596747950952
834.1956885476175
834.1317290056091
834.067796149512
834.0038899597882
833.9400104169199
833.8761575014105
833.8123311937836
833.7485314745826
833.6847583243722
833.6210117237367
833.5572916532811
833.4935980936308
833.4299310254321
833.36629042935
833.302676286071
833.2390885763014
833.1755272807675
833.1119923802162
833.0484838554141
832.9850016871483
832.9215458562251
832.8581163434724
832.7947131297368
832.7313361958849
832.667985522804
832.6046610914005
832.5413628826018
832.4780908773541
832.414845056624
832.3516254013978
832.2884318926816
832.2252645115015
832.1621232389025
832.0990080559504
832.03591894373
831.9728558833461
831.909818855923
831.8468078426044
831.7838228245538
831.7208637829546
831.6579306990091
831.5950235539394
831.5321423289872
831.4692870054137
831.4064575644989
831.3436539875424
831.280876255864
831.2181243508019
831.1553982537138
831.0926979459773
831.0300234089885
830.9673746241634
830.9047515729361
830.842154236761
830.7795825971112
830.7170366354796
830.6545163333767
830.5920216723339
830.5295526339004
830.4671091996446
830.4046913511543
830.3422990700362
830.2799323379159
830.2175911364378
830.1552754472652
830.0929852520804
830.0307205325845
829.9684812704977
829.9062674475585
829.8440790455246
829.7819160461722
829.719778431296
829.6576661827102
829.5955792822468
829.5335177117566
829.4714814531104
829.4094704881954
829.3474847989188
829.2855243672061
829.2235891750012
829.1616792042661
829.0997944369817
829.037934855148
828.9761004407824
828.9142911759209
828.8525070426182
828.7907480229476
828.7290140989999
828.6673052528847
828.60562146673
828.5439627226816
828.4823290029042
828.4207202895799
828.3591365649095
828.2975778111119
828.236044010424
828.174535145101
828.1130511974161
828.051592149661
827.9901579841443
827.9287486831937
827.8673642291541
827.8060046043893
827.7446697912802
827.683359772226
827.6220745296436
827.5608140459678
827.4995783036517
827.4383672851654
827.377180972998
827.316019349655
827.2548823976605
827.1937700995559
827.1326824379006
827.0716193952718
827.0105809542639
826.9495670974893
826.8885778075783
826.8276130671777
826.7666728589528
826.7057571655856
826.6448659697774
826.583999254245
826.5231570017243
826.4623391949667
826.4015458167431
826.3407768498405
826.2800322770636
826.219312081235
826.1586162451935
826.097944751796
826.0372975839168
825.9766747244468
825.9160761562948
825.8555018623864
825.794951825665
825.7344260290906
825.67392445564
825.613447088308
825.552993910106
825.4925649040626
825.4321600532239
825.3717793406522
825.3114227494275
825.2510902626464
825.1907818634223
825.1304975348864
825.0702372601861
825.010001022486
824.949788804967
824.889600590828
824.8294363632835
824.7692961055658
824.7091798009233
824.6490874326216
824.5890189839429
824.5289744381863
824.468953778667
824.4089569887179
824.3489840516879
824.2890349509426
824.2291096698642
824.1692081918517
824.1093305003201
824.049476578702
823.9896464104459
823.9298399790165
823.8700572678953
823.8102982605807
823.750562940587
823.690851291445
823.6311632967022
823.5714989399221
823.511858204685
823.4522410745867
823.3926475332403
823.3330775642747
823.2735311513358
823.2140082780841
823.1545089281985
823.0950330853725
823.035580733316
822.9761518557558
822.916746436434
822.8573644591095
822.7980059075567
822.7386707655669
822.6793590169469
822.6200706455197
822.560805635124
822.5015639696152
822.4423456328642
822.3831506087578
822.3239788811986
822.2648304341056
822.2057052514139
822.1466033170739
822.0875246150518
822.0284691293301
821.969436843907
821.9104277427962
821.8514418100278
821.7924790296468
821.7335393857144
821.6746228623078
821.6157294435197
821.5568591134578
821.4980118562464
821.4391876560254
821.38038649695
821.3216083631908
821.262853238934
821.2041211083819
821.1454119557517
821.0867257652767
821.028062521205
820.9694222078008
820.9108048093434
820.8522103101279
820.7936386944646
820.7350899466788
820.6765640511119
820.6180609921204
820.5595807540759
820.5011233213652
820.4426886783915
820.384276809572
820.3258876993394
820.2675213321425
820.2091776924442
820.1508567647232
820.0925585334733
820.0342829832033
819.9760300984376
819.9177998637152
819.8595922635905
819.8014072826328
819.743244905427
819.6851051165718
819.6269879006824
819.5688932423885
819.5108211263345
819.4527715371798
819.3947444595987
819.3367398782812
819.2787577779308
819.2207981432674
819.1628609590252
819.1049462099527
819.0470538808142
818.989183956388
818.9313364214674
818.8735112608606
818.8157084593907
818.757928001896
818.7001698732279
818.6424340582535
818.5847205418557
818.5270293089302
818.4693603443883
818.4117136331561
818.3540891601737
818.2964869103965
818.2389068687937
818.1813490203496
818.1238133500625
818.0662998429463
818.008808484028
817.9513392583506
817.8938921509703
817.8364671469582
817.7790642313997
817.721683389395
817.6643246060585
817.6069878665186
817.5496731559185
817.492380459416
817.4351097621827
817.3778610494045
817.3206343062819
817.2634295180292
817.2062466698756
817.1490857470641
817.0919467348516
817.0348296185102
816.9777343833252
816.9206610145964
816.8636094976379
816.8065798177782
816.749571960359
816.6925859107367
816.6356216542819
816.5786791763791
816.5217584624263
816.4648594978362
816.4079822680358
816.3511267584648
816.2942929545779
816.2374808418435
816.1806904057441
816.1239216317758
816.0671745054485
816.0104490122868
815.9537451378282
815.8970628676243
815.8404021872408
815.7837630822569
815.7271455382665
815.6705495408755
815.6139750757051
815.5574221283897
815.5008906845773
815.44438072993
815.3878922501233
815.3314252308462
815.2749796578015
815.2185555167064
815.1621527932904
815.1057714732972
815.0494115424843
814.9930729866227
814.9367557914969
814.8804599429047
814.8241854266579
814.7679322285809
814.7117003345126
814.6554897303051
814.5993004018238
814.5431323349466
814.4869855155663
814.4308599295887
814.3747555629333
814.3186724015324
814.2626104313318
814.2065696382906
814.1505500083813
814.0945515275893
814.0385741819148
813.98261795737
813.9266828399797
813.8707688157825
813.8148758708312
813.7590039911904
813.7031531629386
813.6473233721675
813.591514604982
813.5357268474995
813.4799600858515
813.424214306182
813.3684894946483
813.3127856374206
813.257102720682
813.2014407306297
813.1457996534722
813.0901794754321
813.0345801827457
812.9790017616607
812.9234441984385
812.8679074793534
812.812391590693
812.756896518757
812.7014222498588
812.6459687703243
812.5905360664922
812.5351241247142
812.479732931355
812.424362472792
812.3690127354154
812.3136837056278
812.2583753698449
812.2030877144953
812.1478207260201
812.0925743908734
812.0373486955218
811.9821436264447
811.9269591701338
811.8717953130941
811.8166520418428
811.7615293429101
811.7064272028383
811.6513456081829
811.5962845455113
811.5412440014036
811.4862239624537
811.4312244152661
811.3762453464597
811.3212867426641
811.2663485905227
811.2114308766905
811.1565335878361
811.1016567106393
811.0468002317933
810.9919641380029
810.9371484159859
810.8823530524725
810.8275780342052
810.7728233479382
810.7180889804391
810.6633749184871
810.608681148874
810.554007658404
810.4993544338931
810.44472146217
810.390108730076
810.3355162244633
810.2809439321978
810.2263918401569
810.1718599352304
810.1173482043199
810.0628566343396
810.0083852122158
809.9539339248869
809.8995027593032
809.8450917024278
809.7907007412346
809.7363298627106
809.6819790538549
809.6276483016779
809.5733375932028
809.5190469154646
809.46477625551
809.4105256003979
809.3562949371993
809.3020842529969
809.2478935348855
809.1937227699717
809.1395719453743
809.0854410482241
809.0313300656633
808.9772389848458
808.9231677929382
808.8691164771183
808.8150850245758
808.7610734225125
808.7070816581422
808.65310971869
808.5991575913928
808.5452252634993
808.49131272227
808.4374199549774
808.3835469489051
808.3296936913491
808.2758601696165
808.2220463710269
808.1682522829109
808.1144778926106
808.0607231874797
808.006988154884
807.953272782201
807.8995770568193
807.8459009661399
807.7922444975738
807.7386076385451
807.6849903764885
807.6313926988505
807.5778145930896
807.5242560466749
807.4707170470879
807.4171975818209
807.3636976383781
807.3102172042747
807.2567562670378
807.2033148142053
807.149892833327
807.0964903119636
807.0431072376863
806.9897435980802
806.9363993807405
806.8830745732743
806.8297691632988
806.7764831384432
806.7232164863477
806.6699691946641
806.6167412510555
806.5635326431981
806.5103433587753
806.4571733854835
806.4040227110306
806.3508913231356
806.2977792095286
806.2446863579511
806.1916127561552
806.1385583919056
806.0855232529765
806.0325073271538
805.9795106022344
805.9265330660273
805.8735747063508
805.8206355110357
805.767715467923
805.7148145648654
805.6619327897257
805.6090701303793
805.5562265747112
805.5034021106173
805.4505967260055
805.3978104087939
805.345043146912
805.2922949282997
805.2395657409086
805.1868555727003
805.134164411648
805.0814922457354
805.0288390629574
804.9762048513194
804.9235895988376
804.8709932935398
804.8184159234638
804.7658574766584
804.7133179411834
804.6607973051093
804.6082955565171
804.5558126834987
804.5033486741572
804.4509035166058
804.3984771989686
804.3460697093806
804.2936810359873
804.2413111669453
804.188960090421
804.1366277945921
804.0843142676467
804.0320194977842
803.9797434732131
803.9274861821544
803.875247612838
803.8230277535058
803.7708265924093
803.718644117811
803.6664803179835
803.6143351812103
803.5622086957854
803.5101008500135
803.4580116322094
803.405941030698
803.3538890338161
803.3018556299098
803.2498408073359
803.1978445544614
803.145866859664
803.093907711332
803.0419670978638
802.990045007668
802.9381414291643
802.8862563507819
802.8343897609608
802.7825416481512
802.7307120008139
802.6789008074196
802.6271080564496
802.5753337363956
802.5235778357589
802.4718403430521
802.4201212467971
802.3684205355264
802.3167381977827
802.2650742221191
802.2134285970988
802.1618013112952
802.110192353292
802.0586017116826
802.0070293750707
801.9554753320707
801.9039395713068
801.8524220814126
801.8009228510309
801.7494418688186
801.6979791234401
801.6465346035695
801.5951082978919
801.5437001951019
801.4923102839045
801.4409385530146
801.389584991157
801.3382495870683
801.2869323294915
801.2356332071814
801.1843522089027
801.1330893234303
801.0818445395489
801.0306178460529
800.9794092317466
800.9282186854451
800.8770461959725
800.8258917521632
800.7747553428612
800.7236369569205
800.672536583205
800.6214542105882
800.5703898279536
800.5193434241946
800.4683149882147
800.4173045089265
800.3663119752529
800.3153373761265
800.2643807004896
800.2134419372942
800.1625210755021
800.111618104085
800.0607330120239
800.0098657883096
799.9590164219431
799.9081849019349
799.857371217304
799.8065753570814
799.7557973103056
799.7050370660259
799.6542946133004
799.6035699411979
799.5528630387962
799.5021738951825
799.4515024994539
799.4008488407172
799.3502129080882
799.2995946906927
799.248994177666
799.1984113581528
799.1478462213079
799.0972987562947
799.0467689522866
798.9962567984664
798.9457622840264
798.8952853981683
798.8448261301037
798.7943844690529
798.743960404246
798.6935539249226
798.6431650203317
798.5927936797315
798.5424398923896
798.4921036475832
798.4417849345991
798.3914837427326
798.3412000612893
798.2909338795839
798.2406851869399
798.1904539726904
798.1402402261782
798.0900439367549
798.0398650937818
797.989703686629
797.9395597046761
797.889433137312
797.839323973935
797.7892322039519
797.7391578167797
797.689100801844
797.6390611485798
797.5890388464312
797.5390338848517
797.4890462533039
797.4390759412589
797.3891229381982
797.3391872336115
797.2892688169981
797.239367677865
797.1894838057291
797.1396171901182
797.0897678205678
797.0399356866222
796.9901207778356
796.9403230837707
796.8905425939987
796.8407792981008
796.7910331856671
796.7413042462981
796.6915924695994
796.6418978451878
796.5922203626893
796.5425600117389
796.49291678198
796.4432906630656
796.3936816446571
796.3440897164253
796.2945148680496
796.2449570892186
796.1954163696294
796.1458926989884
796.0963860670107
796.0468964634201
795.9974238779495
795.9479683003408
795.8985297203441
795.8491081277181
795.7997035122319
795.7503158636628
795.7009451717963
795.6515914264271
795.6022546173588
795.5529347344035
795.5036317673824
795.454345706125
795.4050765404708
795.3558242602653
795.3065888553655
795.2573703156356
795.2081686309485
795.1589837911872
795.109815786242
795.0606646060119
795.0115302404055
794.9624126793393
794.9133119127388
794.8642279305377
794.8151607226788
794.766110279113
794.717076589801
794.6680596447106
794.6190594338192
794.5700759471124
794.5211091745841
794.4721591062377
794.4232257320841
794.3743090421434
794.3254090264437
794.2765256750223
794.2276589779242
794.1788089252036
794.129975506923
794.0811587131532
794.0323585339735
793.9835749594721
793.9348079797452
793.8860575848977
793.8373237650428
793.7886065103021
793.7399058108058
793.6912216566922
793.6425540381081
793.5939029452089
793.5452683681583
793.4966502971282
793.4480487222991
793.3994636338595
793.3508950220071
793.3023428769468
793.2538071888926
793.2052879480663
793.1567851446987
793.1082987690282
793.0598288113017
793.0113752617747
792.962938110711
792.9145173483819
792.8661129650675
792.8177249510561
792.7693532966435
792.720997992134
792.6726590278419
792.6243363940881
792.5760300812021
792.527740079522
792.479466379393
792.4312089711692
792.3829678452129
792.3347429918942
792.286534401593
792.238342064694
792.1901659715921
792.1420061126902
792.0938624783985
792.0457350591364
791.9976238453313
791.9495288274179
791.9014499958398
791.8533873410479
791.8053408535017
791.7573105236684
791.7092963420237
791.6612982990508
791.6133163852415
791.565350591095
791.5174009071189
791.4694673238287
791.4215498317478
791.373648421408
791.3257630833485
791.2778938081165
791.2300405862674
791.1822034083643
791.1343822649786
791.0865771466893
791.0387880440837
790.9910149477565
790.943257848311
790.8955167363575
790.8477916025146
790.8000824374088
790.7523892316746
790.704711975954
790.6570506608972
790.6094052771622
790.5617758154145
790.5141622663273
790.4665646205824
790.4189828688691
790.371417001884
790.323867010332
790.2763328849256
790.2288146163853
790.181312195439
790.1338256128223
790.086354859279
790.0388999255599
789.9914608024247
789.9440374806395
789.8966299509792
789.8492382042259
789.801862231169
789.7545020226066
789.7071575693432
789.6598288621923
789.6125158919742
789.565218649517
789.5179371256567
789.4706713112365
789.4234211971076
789.3761867741291
789.3289680331668
789.2817649650949
789.2345775607944
789.1874058111549
789.1402497070728
789.0931092394522
789.0459843992055
788.9988751772516
788.9517815645175
788.9047035519378
788.8576411304543
788.8105942910165
788.763563024581
788.7165473221132
788.6695471745844
788.6225625729744
788.5755935082699
788.5286399714655
788.4817019535633
788.4347794455723
788.3878724385096
788.3409809233996
788.2941048912735
788.2472443331704
788.200399240137
788.1535696032274
788.1067554135026
788.0599566620315
788.0131733398904
787.9664054381626
787.9196529479386
787.8729158603168
787.8261941664031
787.7794878573101
787.7327969241584
787.6861213580752
787.6394611501952
787.5928162916605
787.5461867736193
787.49957258723
787.4529737236566
787.4063901740709
787.3598219296509
787.3132689815833
787.2667313210604
787.2202089392831
787.1874540047943
787.203096450617
787.2187379652606
787.2343785490341
787.2500182022463
787.2656569252063
787.2812947182224
787.2969315816033
787.312567515656
787.3282025206894
787.3438365970109
787.3594697449282
787.3751019647485
787.3907332567793
787.4063636213265
787.421993058698
787.4376215691998
787.4532491531381
787.4688758108199
787.4845015425502
787.5001263486354
787.5157502293806
787.531373185092
787.5469952160743
787.562616322632
787.578236505071
787.5938557636948
787.609474098809
787.6250915107167
787.6407079997228
787.6563235661312
787.671938210245
787.6875519323677
787.7031647328029
787.718776611854
787.7343875698238
787.7499976070146
787.7656067237291
787.78121492027
787.7968221969393
787.8124285540388
787.8280339918705
787.8436385107357
787.859242110936
787.8748447927726
787.8904465565464
787.9060474025586
787.9216473311092
787.9372463424994
787.9528444370294
787.9684416149987
787.9840378767077
787.999633222456
788.015227652543
788.0308211672684
788.0464137669311
788.0620054518301
788.077596222264
788.0931860785317
788.1087750209316
788.1243630497615
788.1399501653198
788.1555363679046
788.1711216578132
788.1867060353431
788.2022895007917
788.2178720544562
788.2334536966331
788.2490344276198
788.2646142477124
788.2801931572076
788.2957711564012
788.3113482455898
788.3269244250686
788.3424996951337
788.3580740560803
788.3736475082042
788.3892200517997
788.4047916871622
788.4203624145864
788.4359322343668
788.4515011467977
788.4670691521733
788.4826362507873
788.4982024429343
788.5137677289074
788.5293321090004
788.5448955835061
788.5604581527177
788.5760198169284
788.5915805764306
788.6071404315173
788.6226993824805
788.6382574296128
788.6538145732059
788.6693708135517
788.6849261509415
788.7004805856674
788.7160341180205
788.7315867482916
788.747138476772
788.7626893037519
788.7782392295226
788.7937882543741
788.8093363785969
788.8248836024808
788.8404299263159
788.8559753503919
788.8715198749978
788.8870635004232
788.9026062269577
788.9181480548898
788.9336889845084
788.9492290161023
788.9647681499598
788.9803063863692
788.9958437256186
789.0113801679955
789.0269157137884
789.0424503632843
789.0579841167707
789.0735169745351
789.0890489368644
789.1045800040453
789.1201101763643
789.1356394541083
789.1511678375635
789.1666953270164
789.1822219227524
789.1977476250576
789.2132724342177
789.2287963505182
789.2443193742442
789.2598415056809
789.2753627451136
789.2908830928266
789.306402549105
789.3219211142324
789.3374387884934
789.3529555721723
789.3684714655531
789.3839864689193
789.3995005825544
789.4150138067421
789.4305261417654
789.4460375879072
789.4615481454506
789.4770578146779
789.4925665958721
789.5080744893155
789.52358149529
789.5390876140779
789.5545928459609
789.5700971912206
789.5856006501385
789.6011032229962
789.6166049100752
789.6321057116555
789.6476056280185
789.663104659444
789.6786028062139
789.6941000686082
789.7095964469064
789.7250919413888
789.7405865523353
789.7560802800249
789.771573124738
789.7870650867535
789.8025561663501
789.8180463638073
789.8335356794037
789.8490241134182
789.8645116661286
789.879998337814
789.895484128752
789.9109690392204
789.9264530694974
789.9419362198605
789.9574184905869
789.9728998819539
789.9883803942394
790.0038600277198
790.0193387826718
790.034816659372
790.050293658097
790.0657697791229
790.0812450227261
790.0967193891818
790.1121928787667
790.1276654917558
790.143137228425
790.1586080890492
790.1740780739038
790.1895471832638
790.2050154174038
790.2204827765988
790.235949261123
790.2514148712505
790.2668796072555
790.282343469412
790.2978064579942
790.3132685732752
790.3287298155293
790.3441901850292
790.359649682048
790.3751083068589
790.3905660597343
790.406022940947
790.42147895077
790.4369340894752
790.452388357335
790.4678417546212
790.4832942816057
790.4987459385603
790.5141967257565
790.5296466434656
790.5450956919592
790.5605438715077
790.5759911823826
790.5914376248542
790.606883199193
790.6223279056697
790.6377717445546
790.6532147161175
790.6686568206286
790.6840980583574
790.6995384295733
790.714977934546
790.7304165735449
790.7458543468388
790.7612912546971
790.7767272973884
790.7921624751809
790.807596788344
790.823030237145
790.8384628218525
790.8538945427342
790.8693254000585
790.8847553940933
790.9001845251049
790.9156127933618
790.931040199131
790.9464667426794
790.9618924242739
790.9773172441808
790.9927412026674
791.0081642999999
791.0235865364443
791.0390079122669
791.0544284277335
791.0698480831102
791.0852668786624
791.1006848146556
791.116101891355
791.131518109026
791.1469334679332
791.1623479683418
791.1777616105165
791.1931743947221
791.2085863212226
791.2239973902824
791.2394076021653
791.2548169571352
791.2702254554566
791.2856330973921
791.3010398832055
791.3164458131602
791.331850887519
791.3472551065452
791.3626584705017
791.3780609796513
791.3934626342561
791.4088634345793
791.4242633808823
791.4396624734275
791.4550607124762
791.4704580982909
791.485854631133
791.5012503112636
791.5166451389443
791.5320391144367
791.5474322380012
791.5628245098984
791.5782159303893
791.5936064997346
791.6089962181949
791.6243850860294
791.639773103499
791.6551602708633
791.6705465883822
791.6859320563153
791.7013166749223
791.716700444462
791.7320833651936
791.7474654373771
791.7628466612701
791.7782270371322
791.7936065652214
791.8089852457963
791.824363079115
791.8397400654358
791.8551162050165
791.8704914981153
791.8858659449896
791.901239545897
791.9166123010946
791.9319842108393
791.9473552753892
791.9627254950004
791.9780948699296
791.9934634004338
792.0088310867693
792.0241979291926
792.0395639279598
792.0549290833267
792.070293395549
792.085656864883
792.1010194915838
792.1163812759077
792.1317422181083
792.1471023184422
792.1624615771638
792.1778199945278
792.1931775707892
792.208534306202
792.2238902010209
792.2392452555002
792.2545994698943
792.2699528444568
792.2853053794418
792.3006570751023
792.3160079316926
792.3313579494653
792.3467071286739
792.3620554695714
792.377402972411
792.3927496374453
792.4080954649266
792.423440455108
792.4387846082416
792.4541279245796
792.4694704043737
792.4848120478765
792.5001528553393
792.5154928270136
792.5308319631508
792.5461702640025
792.5615077298199
792.5768443608539
792.5921801573554
792.6075151195754
792.6228492477644
792.6381825421726
792.6535150030502
792.6688466306476
792.6841774252147
792.699507387002
792.7148365162583
792.7301648132336
792.7454922781774
792.7608189113394
792.7761447129681
792.7914696833122
792.8067938226213
792.8221171311441
792.8374396091289
792.8527612568245
792.8680820744786
792.8834020623402
792.8987212206569
792.9140395496764
792.9293570496465
792.9446737208149
792.9599895634291
792.9753045777366
792.9906187639839
793.0059321224184
793.0212446532872
793.0365563568375
793.051867233315
793.0671772829661
793.0824865060376
793.0977949027756
793.1131024734265
793.1284092182356
793.1437151374489
793.159020231312
793.1743245000704
793.1896279439695
793.2049305632545
793.2202323581706
793.2355333289627
793.2508334758753
793.2661327991533
793.2814312990408
793.2967289757828
793.3120258296233
793.3273218608061
793.3426170695756
793.3579114561754
793.3732050208492
793.3884977638406
793.4037896853924
793.4190807857487
793.4343710651519
793.4496605238456
793.4649491620725
793.4802369800753
793.4955239780968
793.5108101563791
793.526095515164
793.5413800546946
793.5566637752128
793.57194667696
793.5872287601782
793.6025100251089
793.6177904719938
793.6330701010738
793.6483489125904
793.663626906785
793.6789040838984
793.6941804441714
793.7094559878441
793.7247307151573
793.7400046263516
793.7552777216669
793.7705500013437
793.785821465622
793.8010921147418
793.8163619489421
793.8316309684632
793.8468991735443
793.8621665644248
793.8774331413432
793.8926989045391
793.9079638542513
793.9232279907185
793.9384913141797
793.9537538248732
793.9690155230371
793.9842764089101
793.9995364827302
794.0147957447355
794.0300541951635
794.0453118342518
794.0605686622378
794.075824679359
794.0910798858538
794.1063342819581
794.1215878679094
794.1368406439447
794.1520926103007
794.1673437672141
794.1825941149209
794.1978436536579
794.2130923836617
794.2283403051673
794.2435874184116
794.2588337236305
794.2740792210593
794.2893239109336
794.3045677934889
794.3198108689605
794.3350531375837
794.3502945995939
794.3655352552254
794.3807751047127
794.3960141482909
794.4112523861949
794.4264898186586
794.4417264459166
794.4569622682029
794.4721972857511
794.487431498796
794.5026649075706
794.5178975123083
794.5331293132431
794.5483603106085
794.5635905046371
794.5788198955623
794.5940484836169
794.6092762690346
794.624503252047
794.639729432887
794.6549548117879
794.6701793889807
794.6854031646984
794.7006261391729
794.715848312636
794.7310696853197
794.7462902574553
794.7615100292742
794.7767290010086
794.791947172889
794.8071645451474
794.8223811180145
794.837596891721
794.8528118664979
794.8680260425757
794.8832394201847
794.8984519995554
794.9136637809182
794.9288747645032
794.9440849505411
794.9592943392606
794.974502930892
794.9897107256652
795.0049177238091
795.0201239255532
795.0353293311271
795.0505339407598
795.06573775468
795.0809407731168
795.0961429962992
795.1113444244554
795.1265450578143
795.1417448966042
795.1569439410531
795.1721421913892
795.1873396478405
795.2025363106351
795.2177321799999
795.2329272561632
795.248121539352
795.2633150297944
795.2785077277173
795.2936996333478
795.3088907469129
795.3240810686392
795.3392705987538
795.3544593374834
795.3696472850539
795.3848344416919
795.4000208076237
795.4152063830755
795.4303911682739
795.4455751634438
795.460758368811
795.4759407846017
795.4911224110408
795.5063032483542
795.5214832967672
795.5366625565042
795.5518410277907
795.5670187108516
795.5821956059118
795.597371713195
795.6125470329266
795.6277215653312
795.6428953106325
795.658068269055
795.6732404408222
795.6884118261584
795.7035824252875
795.7187522384326
795.7339212658178
795.7490895076663
795.7642569642013
795.7794236356463
795.7945895222239
795.8097546241572
795.8249189416687
795.8400824749817
795.8552452243185
795.8704071899012
795.8855683719526
795.9007287706945
795.9158883863491
795.9310472191385
795.9462052692844
795.9613625370088
795.9765190225326
795.9916747260776
796.0068296478654
796.021983788117
796.037137147054
796.0522897248964
796.0674415218658
796.0825925381831
796.0977427740685
796.1128922297423
796.1280409054259
796.1431888013385
796.1583359177009
796.1734822547324
796.1886278126537
796.2037725916844
796.2189165920435
796.2340598139511
796.2492022576267
796.2643439232897
796.279484811159
796.294624921454
796.3097642543935
796.3249028101964
796.340040589081
796.3551775912664
796.370313816971
796.3854492664133
796.4005839398112
796.4157178373833
796.4308509593473
796.445983305921
796.4611148773223
796.4762456737686
796.491375695478
796.506504942668
796.5216334155549
796.5367611143565
796.5518880392901
796.5670141905725
796.5821395684206
796.5972641730508
796.6123880046803
796.6275110635253
796.6426333498019
796.6577548637267
796.6728756055156
796.6879955753851
796.7031147735505
796.718233200228
796.7333508556333
796.748467739982
796.7635838534891
796.7786991963699
796.7938137688402
796.8089275711147
796.8240406034083
796.8391528659365
796.8542643589136
796.869375082554
796.8844850370729
796.899594222684
796.914702639602
796.929810288041
796.9449171682153
796.9600232803386
796.9751286246247
796.9902332012872
797.00533701054
797.0204400525962
797.0355423276694
797.0506438359735
797.0657445777207
797.0808445531247
797.0959437623983
797.1110422057542
797.1261398834048
797.1412367955628
797.1563329424409
797.1714283242515
797.1865229412065
797.2016167935183
797.216709881399
797.2318022050606
797.2468937647143
797.2619845605723
797.2770745928458
797.2921638617463
797.3072523674853
797.3223401102744
797.3374270903244
797.3525133078458
797.36759876305
797.3826834561478
797.3977673873499
797.4128505568667
797.427932964909
797.4430146116867
797.4580954974101
797.4731756222894
797.4882549865345
797.5033335903555
797.5184114339619
797.5334885175638
797.5485648413703
797.5636404055907
797.5787152104349
797.5937892561113
797.6088625428299
797.6239350707998
797.639006840229
797.6540778513266
797.6691481043013
797.6842175993618
797.6992863367162
797.7143543165736
797.729421539142
797.7444880046288
797.7595537132424
797.7746186651908
797.7896828606819
797.8047462999232
797.8198089831222
797.8348709104864
797.8499320822234
797.8649924985399
797.8800521596432
797.8951110657406
797.910169217039
797.9252266137453
797.9402832560652
797.9553391442064
797.970394278375
797.9854486587774
798.00050228562
798.0155551591088
798.0306072794499
798.0456586468492
798.0607092615123
798.0757591236451
798.090808233453
798.1058565911421
798.1209041969175
798.1359510509842
798.1509971535478
798.1660425048126
798.1810871049843
798.1961309542676
798.2111740528667
798.2262164009869
798.2412579988328
798.2562988466087
798.2713389445184
798.2863782927667
798.3014168915577
798.3164547410946
798.3314918415826
798.3465281932248
798.3615637962245
798.3765986507852
798.3916327571111
798.4066661154053
798.4216987258712
798.4367305887116
798.4517617041298
798.4667920723284
798.4818216935103
798.496850567878
798.5118786956346
798.5269060769824
798.541932712124
798.5569586012616
798.5719837445973
798.5870081423334
798.6020317946715
798.6170547018135
798.6320768639619
798.6470982813175
798.6621189540822
798.6771388824571
798.6921580666441
798.7071765068442
798.7221942032586
798.737211156088
798.7522273655336
798.767242831796
798.7822575550769
798.7972715355758
798.8122847734936
798.8272972690306
798.8423090223874
798.8573200337638
798.8723303033598
798.8873398313762
798.9023486180122
798.9173566634677
798.9323639679423
798.9473705316357
798.9623763547474
798.977381437477
798.9923857800234
799.0073893825859
799.0223922453633
799.037394368555
799.0523957523593
799.0673963969754
799.0823963026021
799.0973954694375
799.11239389768
799.1273915875283
799.1423885391806
799.1573847528349
799.1723802286896
799.1873749669421
799.2023689677907
799.2173622314326
799.2323547580655
799.2473465478877
799.2623376010956
799.2773279178869
799.2923174984588
799.3073063430086
799.3222944517335
799.3372818248296
799.3522684624942
799.3672543649241
799.3822395323158
799.3972239648659
799.4122076627709
799.4271906262267
799.4421728554302
799.4571543505763
799.4721351118625
799.4871151394835
799.5020944336362
799.5170729945154
799.5320508223168
799.5470279172356
799.5620042794679
799.5769799092092
799.5919548066539
799.6069289719975
799.621902405435
799.6368751071607
799.6518470773705
799.6668183162582
799.681788824019
799.6967586008469
799.7117276469367
799.7266959624824
799.7416635476785
799.7566304027187
799.7715965277972
799.786561923108
799.8015265888447
799.8164905252013
799.831453732371
799.8464162105474
799.8613779599244
799.8763389806946
799.8912992730519
799.9062588371887
799.9212176732981
799.9361757815739
799.951133162208
799.9660898153933
799.9810457413223
799.9960009401885
800.0109554121832
800.0259091574989
800.040862176328
800.0558144688625
800.0707660352948
800.0857168758163
800.1006669906191
800.1156163798947
800.1305650438351
800.1455129826319
800.160460196476
800.1754066855592
800.190352450073
800.2052974902082
800.2202418061559
800.2351853981064
800.2501282662516
800.2650704107816
800.2800118318872
800.294952529759
800.3098925045877
800.3248317565632
800.3397702858764
800.3547080927168
800.3696451772751
800.3845815397409
800.3995171803044
800.414452099155
800.4293862964826
800.4443197724767
800.4592525273268
800.474184561223
800.4891158743535
800.5040464669082
800.5189763390762
800.5339054910462
800.5488339230072
800.5637616351486
800.5786886276588
800.5936149007264
800.6085404545391
800.6234652892869
800.6383894051572
800.6533128023383
800.6682354810187
800.6831574413862
800.6980786836291
800.7129992079351
800.727919014492
800.7428381034873
800.757756475109
800.772674129544
800.7875910669804
800.8025072876051
800.8174227916055
800.8323375791688
800.8472516504819
800.8621650057314
800.8770776451046
800.8919895687883
800.9069007769684
800.9218112698326
800.9367210475665
800.9516301103566
800.9665384583897
800.9814460918516
800.9963530109283
801.0112592158061
801.026164706671
801.0410694837084
801.0559735471044
801.0708768970445
801.0857795337139
801.1006814572984
801.115582667983
801.1304831659534
801.1453829513947
801.1602820244917
801.1751803854294
801.1900780343929
801.204974971567
801.2198711971363
801.2347667112856
801.2496615141989
801.2645556060611
801.2794489870561
801.2943416573684
801.309233617182
801.3241248666817
801.339015406051
801.3539052354735
801.3687943551333
801.3836827652137
801.3985704658986
801.413457457371
801.4283437398152
801.443229313414
801.4581141783502
801.4729983348076
801.4878817829688
801.5027645230168
801.5176465551356
801.5325278795066
801.5474084963129
801.5622884057373
801.5771676079621
801.5920461031694
801.6069238915421
801.6218009732621
801.6366773485115
801.6515530174727
801.6664279803274
801.6813022372573
801.6961757884445
801.7110486340703
801.7259207743164
801.7407922093646
801.7556629393963
801.7705329645927
801.785402285135
801.8002709012045
801.8151388129813
801.8300060206475
801.8448725243841
801.8597383243712
801.8746034207896
801.8894678138199
801.9043315036431
801.9191944904389
801.9340567743884
801.9489183556711
801.9637792344674
801.9786394109574
801.9934988853213
802.0083576577391
802.02321572839
802.0380730974543
802.0529297651113
802.0677857315403
802.0826409969214
802.0974955614338
802.1123494252564
802.1272025885685
802.142055051549
802.1569068143775
802.1717578772324
802.1866082402929
802.2014579037373
802.2163068677443
802.2311551324933
802.2460026981619
802.2608495649287
802.2756957329722
802.2905412024704
802.3053859736011
802.3202300465424
802.3350734214728
802.3499160985696
802.3647580780112
802.3795993599748
802.3944399446383
802.4092798321791
802.4241190227741
802.4389575166014
802.4537953138379
802.4686324146606
802.4834688192475
802.4983045277745
802.5131395404187
802.5279738573572
802.5428074787666
802.5576404048234
802.5724726357046
802.5873041715863
802.6021350126449
802.6169651590566
802.6317946109978
802.6466233686447
802.6614514321732
802.6762788017593
802.6911054775791
802.7059314598077
802.7207567486217
802.7355813441961
802.7504052467062
802.7652284563278
802.7800509732366
802.7948727976066
802.8096939296146
802.8245143694343
802.8393341172416
802.8541531732113
802.868971537518
802.8837892103364
802.8986061918414
802.9134224822074
802.9282380816088
802.9430529902203
802.9578672082158
802.9726807357703
802.9874935730571
803.0023057202505
803.0171171775254
803.0319279450549
803.0467380230124
803.0615474115723
803.0763561109073
803.0911641211923
803.1059714425999
803.1207780753036
803.135584019477
803.1503892752935
803.1651938429256
803.1799977225468
803.1948009143299
803.2096034184474
803.2244052350728
803.2392063643786
803.2540068065372
803.2688065617211
803.2836056301035
803.2984040118561
803.3132017071509
803.327998716161
803.3427950390577
803.3575906760137
803.3723856272009
803.3871798927906
803.4019734729551
803.416766367866
803.4315585776947
803.4463501026133
803.4611409427929
803.4759310984049
803.4907205696206
803.5055093566112
803.520297459548
803.5350848786017
803.5498716139438
803.5646576657447
803.5794430341751
803.5942277194064
803.6090117216086
803.6237950409526
803.6385776776089
803.6533596317478
803.6681409035394
803.6829214931541
803.6977014007621
803.7124806265331
803.7272591706372
803.7420370332449
803.7568142145253
803.7715907146483
803.7863665337842
803.8011416721016
803.8159161297707
803.8306899069604
803.8454630038403
803.8602354205798
803.875007157348
803.8897782143137
803.9045485916461
803.919318289514
803.9340873080863
803.9488556475319
803.9636233080196
803.9783902897174
803.9931565927939
804.0079222174178
804.0226871637574
804.037451431981
804.0522150222571
804.0669779347535
804.0817401696379
804.0965017270788
804.1112626072439
804.1260228103008
804.1407823364173
804.1555411857613
804.1702993585001
804.185056854801
804.1998136748318
804.2145698187594
804.2293252867512
804.244080078974
804.2588341955958
804.273587636783
804.2883404027027
804.3030924935207
804.317843909405
804.3325946505219
804.3473447170379
804.3620941091193
804.3768428269332
804.3915908706452
804.4063382404216
804.4210849364288
804.4358309588333
804.4505763078009
804.4653209834971
804.4800649860881
804.49480831574
804.5095509726182
804.5242929568883
804.539034268716
804.5537749082669
804.5685148757061
804.583254171199
804.5979927949109
804.6127307470064
804.6274680276517
804.6422046370111
804.6569405752497
804.6716758425322
804.6864104390231
804.701144364888
804.7158776202908
804.730610205396
804.7453421203685
804.7600733653721
804.7748039405716
804.7895338461312
804.804263082215
804.818991648987
804.8337195466112
804.8484467752512
804.8631733350712
804.877899226235
804.8926244489061
804.9073490032481
804.9220728894245
804.9367961075989
804.9515186579345
804.9662405405945
804.9809617557428
804.9956823035413
805.010402184154
805.025121397744
805.0398399444739
805.0545578245063
805.0692750380043
805.0839915851302
805.0987074660466
805.1134226809163
805.1281372299017
805.1428511131654
805.1575643308697
805.1722768831761
805.1869887702475
805.2016999922456
805.2164105493322
805.2311204416698
805.2458296694198
805.2605382327441
805.2752461318042
805.2899533667618
805.3046599377785
805.319365845016
805.3340710886349
805.348775668797
805.3634795856634
805.3781828393957
805.3928854301544
805.4075873581005
805.422288623395
805.4369892261991
805.4516891666731
805.4663884449778
805.4810870612741
805.4957850157225
805.5104823084835
805.5251789397174
805.5398749095839
805.5545702182445
805.5692648658585
805.583958852586
805.598652178587
805.6133448440216
805.6280368490499
805.6427281938312
805.657418878526
805.6721089032926
805.6867982682918
805.7014869736828
805.7161750196248
805.7308624062771
805.7455491337989
805.76023520235
805.7749206120887
805.789605363175
805.8042894557666
805.8189728900235
805.833655666104
805.8483377841671
805.8630192443717
805.8777000468754
805.8923801918376
805.9070596794162
805.92173850977
805.9364166830575
805.9510941994363
805.9657710590647
805.9804472621016
805.9951228087039
806.0097976990297
806.0244719332376
806.0391455114845
806.0538184339289
806.0684907007277
806.0831623120389
806.0978332680204
806.1125035688287
806.1271732146218
806.1418422055565
806.1565105417901
806.1711782234801
806.1858452507832
806.2005116238566
806.2151773428573
806.2298424079416
806.2445068192669
806.2591705769898
806.2738336812664
806.2884961322535
806.3031579301077
806.3178190749853
806.3324795670427
806.3471394064364
806.3617985933222
806.3764571278559
806.3911150101936
806.4057722404921
806.4204288189065
806.4350847455926
806.4497400207066
806.4643946444038
806.4790486168403
806.4937019381712
806.508354608552
806.5230066281384
806.537657997085
806.552308715548
806.566958783682
806.5816082016419
806.5962569695832
806.610905087661
806.6255525560292
806.6401993748432
806.654845544258
806.6694910644283
806.6841359355082
806.6987801576525
806.7134237310156
806.7280666557516
806.742708932015
806.7573505599605
806.771991539742
806.7866318715131
806.8012715554285
806.8159105916417
806.8305489803066
806.8451867215779
806.8598238156081
806.8744602625513
806.8890960625616
806.9037312157922
806.9183657223962
806.9329995825271
806.9476327963387
806.9622653639834
806.976897285615
806.991528561387
807.0061591914513
807.0207891759619
807.0354185150712
807.0500472089323
807.0646752576978
807.07930266152
807.0939294205523
807.1085555349464
807.1231810048557
807.1378058304317
807.1524300118273
807.1670535491949
807.181676442686
807.1962986924534
807.210920298649
807.2255412614245
807.2401615809315
807.2547812573224
807.2694002907494
807.2840186813638
807.2986364293166
807.3132535347602
807.3278699978458
807.3424858187244
807.3571009975481
807.3717155344677
807.3863294296351
807.4009426832008
807.415555295316
807.4301672661318
807.4447785957991
807.459389284469
807.4739993322914
807.4886087394178
807.5032175059989
807.5178256321852
807.5324331181274
807.5470399639757
807.5616461698809
807.5762517359926
807.590856662462
807.6054609494383
807.6200645970721
807.6346676055133
807.6492699749124
807.6638717054188
807.6784727971827
807.6930732503533
807.7076730650807
807.7222722415145
807.7368707798043
807.7514686800995
807.648014330127
807.469880039764
807.2919252879764
807.1141497573276
806.9365531311876
806.7591350937302
806.58189532993
806.4048335255612
806.227949367193
806.0512425421875
805.8747127386966
805.6983596456615
805.5221829528111
805.3461823506544
805.170357530482
804.9947081843609
804.8192340051337
804.643934686415
804.4688099225897
804.29385940881
804.1190828409926
803.944479915817
803.7700503307233
803.595793783908
803.421709974323
803.2477986016722
803.0740593664099
802.9004919697367
802.7270961135998
802.5538715006883
802.3808178344326
802.2079348190026
802.0352221592968
801.8626795609503
801.6903067303294
801.518103374528
801.346069201366
801.174203919387
801.0025072378556
800.8309788667555
800.6596185167849
800.4884258993559
800.3174007265973
800.1465427113445
799.9758515671405
799.8053270082326
799.6349687495713
799.4647765068066
799.2947499962879
799.1248889350601
798.9551930408618
798.7856620321261
798.6162956279683
798.4470935481946
798.2780555132957
798.1091812444458
797.9404704634983
797.7719228929849
797.6035382561153
797.4353162767711
797.2672566795065
797.0993591895403
796.9316235327692
796.7640494357494
796.5966366257005
796.4293848305041
796.2622937787003
796.0953631994862
795.9285928227134
795.7619823788873
795.5955315991637
795.4292402153504
795.263107959895
795.0971345658929
794.9313197670821
794.7656632978411
794.6001648931875
794.434824288775
794.2696412208913
794.1046154264584
793.9397466430265
793.7750346087714
793.6104790625033
793.4460797436539
793.2818363922771
793.1177487490473
792.9538165552578
792.790039552819
792.6264174842554
792.4629500927051
792.2996371219174
792.1364783162546
791.9734734206803
791.8106221807632
791.6479243426776
791.4853796531997
791.3229878597059
791.1607487101694
790.9986619531602
790.8367273378424
790.6749446139727
790.5133135318939
790.3518338425432
790.1905052974461
790.02932764871
789.8683006490257
789.7074240516662
789.5466976104832
789.3861210799076
789.225694214945
789.0654167711762
788.905288504757
788.7453091724117
788.5854785314311
788.4257963396758
788.2662623555717
788.1068763381091
787.947638046841
787.7885472418798
787.6296036838966
787.4708071341205
787.3121573543336
787.1536541068728
786.99529715463
786.8370862610454
786.6790211901074
786.521101706351
786.363327574858
786.2056985612523
786.0482144317004
785.8908749529091
785.7336798921257
785.5766290171338
785.4197220962494
785.262958898324
785.1063391927423
784.9498627494188
784.7935293387981
784.6373387318513
784.4812907000755
784.3253850154928
784.1696214506467
784.0139997786005
783.8585197729421
783.7031812077754
783.5479838577196
783.3929274979095
783.2380119039931
783.0832368521304
782.9286021189915
782.7741074817557
