783124.6777770185 738.0036194872569 1431.0308192000973 1.9067775321445863
275411.8906052502 1140.673440038518 1127.2597959633772 0.8522702997453168
178302.99774336384 1250.5502768323104 1021.5130479663799 0.6089236215868967
135536.6366405346 1309.8006444891917 960.450904555989 0.4923128931565167
113529.23236584016 1344.5073267193347 923.3689231409062 0.4289403562431783
101667.151806166 1364.630473295592 901.4240170029057 0.3934756229784709
94946.44399846053 1376.3460323478507 888.4975723567089 0.3728116291490901
91757.4366612939 1381.6127642085662 882.6504505659256 0.36267672834906683
91127.99576851097 1381.8911991189073 882.3407105430103 0.3603152742867026
91187.17209572105 1380.8263707356518 883.3979489574047 0.36011775343932256
91343.89901278062 1379.6190653859887 884.1425682005616 0.36043289211794916
91497.6984084442 1378.4355196064241 884.8714729964389 0.3607423647698414
91648.89654128585 1377.2731579184508 885.5863097475568 0.36104681591945237
91797.75999685291 1376.1298740319835 886.2884268082519 0.36134677185297837
91944.51032622402 1375.003915960831 886.9789472646698 0.3616426696632922
92089.33430691679 1373.893805457637 887.6588200070945 0.3619348776022361
92232.39133972832 1372.7982799106096 888.3288565871742 0.36222370974729584
92373.81890979085 1371.7162494272868 888.9897584588085 0.3625094368264619
92513.73670234444 1370.6467644764386 889.6421375302776 0.36279229437389454
92652.24976080113 1369.58899104889 890.28653195055 0.3630724889858885
96560.39048273636 1320.1109726918903 916.9377905333904 0.38462650088502687
96880.6564067063 1318.303820758017 920.821102055525 0.3851537515902918
97200.92233067626 1316.5041576540286 924.7073039751638 0.38568025589110183
97521.1882546462 1314.7115966505905 928.5961508907808 0.38620611532901855
97841.45417861616 1312.9257879478646 932.4874180747482 0.38673142176441583
98161.72010258611 1311.1464137728826 936.3808986626211 0.38725625867778435
98481.98602655606 1309.3731842970083 940.2764013203649 0.3877807022519469
99263.09521932308 1306.0750294482973 950.4996370966657 0.3887599362129342
100480.49979256159 1301.327950648651 966.757147942232 0.39017807265304283
101697.90436580012 1296.5870060977059 983.040378550684 0.39160474056753264
102915.30893903864 1291.8520344690933 999.3470643794213 0.39304006264338454
112684.9882165406 1258.7315372545052 1134.6015802249738 0.403380801751519
135688.76826960014 1181.5176033849316 1457.7925563868173 0.42973889244619706
158692.5483226595 1104.3438456305719 1775.4329105514494 0.45976570952732804
181696.3283757189 1026.8906558565056 2101.886087172457 0.488186328728441
204700.1084287783 948.099422950216 2418.885475463067 0.5188887397360396
227703.88848183767 867.8857926436182 2700.369057937729 0.5564598787323509
243012.03989817412 813.4038441838454 2876.946087933501 0.5830514341007029
257812.5320880179 759.8135494725901 3023.214467366211 0.6131445328161138
272613.02427786175 705.3070016434677 3138.4751651590755 0.6490577504427739
287413.51646770554 649.8825711937562 3217.0450989027277 0.6923859467702688
301847.9347179194 594.9243383119623 3253.8852994614817 0.743649949861336
316258.2373624019 539.1617909908172 3244.285416669292 0.807010270019044
330668.5400068844 482.5015080192917 3182.110662036524 0.8871222384155488
345078.84265136684 424.94222806495293 3060.9380569036184 0.9911685954684354
350806.9143201583 401.67527094389095 3022.8474484735016 1.0320685556239089
343115.55087926495 433.0955343148936 3188.818069771303 0.9423661482358314
335424.18743837153 465.00198026227395 3346.0527285484363 0.8643168494387814
327732.82399747823 497.3944872793933 3494.00854052271 0.7958892282605265
315894.61172305385 548.1431132628004 3672.987652656035 0.7115031778151574
295724.26651773317 635.9697871048139 3868.3216441068935 0.6042779619703296
275553.92131241236 725.0686734837334 3971.0954560379755 0.5223881454747468
255383.57610709162 815.4388859091572 3984.1368056411015 0.45790252277369614
235213.23090177085 907.0794317794027 3911.2850785348764 0.40588269826629236
215042.88569644996 999.9891903962877 3757.49540641698 0.36309341886344304
204065.683695136 1051.101991807592 3664.367941127495 0.34074186174603793
194367.43576007622 1096.8193568027311 3569.5553982153933 0.3221610081976767
184669.18782501642 1143.1477909917667 3457.7898941007566 0.3050152569904526
174970.9398899566 1190.0870218859473 3329.57721527395 0.28915929759504677
171873.17444762503 1205.006283153305 3313.4813910285066 0.28189923126696487
170897.17881390348 1209.511635928415 3336.457409072911 0.277276465983847
169921.18318018192 1214.08282848215 3358.99951420722 0.2727626408508096
168945.18754646037 1218.7197489643454 3381.106274167208 0.2683539711361674
167824.58365091504 1224.1747381374405 3399.9347739705813 0.2638845488481835
166316.90445543747 1231.74062919645 3410.4543911028545 0.25908888840875993
164809.2252599599 1239.4051201322652 3420.173333931532 0.25440701990500764
163301.5460644824 1247.168249816073 3429.084426195293 0.24983528871992342
163872.35117637977 1243.709398622061 3479.9562029261297 0.24760348278712319
176142.96220760845 1175.6293826149006 3759.837712007198 0.25891638001197026
188413.5732388373 1106.7869423049915 4012.1630906756277 0.2718803042439348
200684.184270066 1037.2166289293934 4216.377857506459 0.2878225540187408
212954.79530129483 967.4739710394624 4347.82591935973 0.30856793513649444
225225.40633252365 897.7493506073743 4435.168666279223 0.3325294570633757
235981.7921937181 836.5989266123853 4472.247079417254 0.35683180091099387
245619.91154285514 781.8079800407268 4471.904603213715 0.38183591016517526
255258.03089199204 727.030332497202 4438.1102963619705 0.41060076444808086
264896.1502411291 672.2657106663264 4369.10736553546 0.4440439882091414
274242.8878665226 619.1082255873778 4266.768622995355 0.48216347666006376
274116.99738266296 619.6405820013069 4267.125081879315 0.48174923126060126
273991.10689880326 620.172947450049 4267.476961658691 0.4813356900265858
273865.21641494357 620.7053178860268 4267.824237213169 0.4809228543003083
273739.3259310839 621.237689394115 4268.16688441961 0.4805107253062048
272690.96210194565 626.9814900386493 4279.836765125771 0.4761085974278638
270661.0185029487 638.2909501384827 4302.364836741402 0.4676724414687337
268631.0749039517 649.5978667345623 4323.225741884771 0.45953183995033176
266601.1313049547 660.9024679458115 4342.437308056942 0.4516713731409895
264571.1877059577 672.2047748111785 4360.015989539439 0.4440768121901386
259878.0937492318 698.5643388522894 4396.078905387357 0.42731876685049963
255012.34204573103 725.9113643227391 4424.571612633451 0.41121931129552614
250146.59034223034 753.2522845105893 4444.156799887495 0.396292133711446
245280.8386387296 780.5870811178684 4455.062247871401 0.38241370315156387
237640.9007461538 823.5812495600477 4455.925015718123 0.3624477226929087
225729.6239276382 890.7839796511906 4418.412442159438 0.3350997317466035
213818.34710912273 957.9710973178298 4335.726616823543 0.3115942797490068
201907.0702906071 1025.1421565090016 4211.411692622805 0.2911748082851528
189995.79347209155 1092.2966841208593 4049.107104425653 0.27327114564703037
178084.51665357608 1159.4341897688464 3852.5578941774183 0.25744543665127567
166173.23983506046 1226.5551654161886 3629.355118894652 0.24310587200405123
154261.96301654505 1294.8755912783563 3493.6441174212914 0.2227181291015378
142350.68619802943 1365.4796580339641 3321.9039297015247 0.20448800214404222
131976.36506746625 1428.8454872458244 3155.8150854419005 0.18939868562989215
