0. -0.005319982
0.0003958 -0.005378838
0.0008097 -0.005440402
0.0012426 -0.005504799
0.0016955 -0.005571472
0.0021693 -0.005641202
0.0026648 -0.005713919
0.0031831 -0.005789516
0.0037252 -0.005868594
0.0042923 -0.005950681
0.0048855 -0.006036519
0.005506 -0.006125811
0.006155 -0.006219099
0.0068338 -0.00631622
0.0075439 -0.006417711
0.0082866 -0.006523455
0.0090635 -0.00663394
0.009876 -0.006749311
0.0107259 -0.006869783
0.0116148 -0.006995611
0.0125446 -0.007126975
0.0135172 -0.007263824
0.0145346 -0.007406344
0.0155987 -0.007554639
0.0167119 -0.007708748
0.0178764 -0.007868686
0.0190946 -0.008034432
0.0203689 -0.008205922
0.0217021 -0.008383138
0.0230968 -0.008566204
0.0245559 -0.008755275
0.0260823 -0.008950512
0.0276792 -0.009151753
0.0293498 -0.009358944
0.0310976 -0.00957234
0.0329261 -0.009791504
0.034839 -0.01001701
0.0368403 -0.010248433
0.0389341 -0.010485352
0.0411248 -0.010725614
0.0434171 -0.010968324
0.04581562 -0.011213257
0.04832516 -0.011460341
0.05095104 -0.011707273
0.05369855 -0.011954019
0.05657305 -0.012202734
0.05958041 -0.012452605
0.06272714 -0.012698067
0.06601966 -0.012937449
0.0694646 -0.01316984
0.07306909 -0.01339153
0.07684015 -0.013605189
0.08078528 -0.013811563
0.08491256 -0.014007217
0.08923035 -0.014189255
0.09374701 -0.014364128
0.09847192 -0.014522842
0.10341469 -0.014658188
0.10858497 -0.014776997
0.11399325 -0.014870444
0.11965037 -0.014928864
0.1255674 -0.014970509
0.13175626 -0.014979901
0.138229323 -0.014989725
0.145 -0.015
0.1474181565495 -0.014999999664724
0.149836313099 -0.014999999664724
0.1522544696485 -0.014999999664724
0.154672626198 -0.014999999664724
0.1570907827475 -0.014999999664724
0.159508939297 -0.014999999664724
0.1619270958465 -0.014999999664724
0.164345252396 -0.014999999664724
0.1667634089455 -0.014999999664724
0.169181565495 -0.014999999664724
0.1715997220445 -0.014999999664724
0.174017878594 -0.014999999664724
0.1764360351435 -0.014999999664724
0.178854191693 -0.014999999664724
0.1812723482425 -0.014999999664724
0.183690504792 -0.014999999664724
0.1861086613415 -0.014999999664724
0.188526817891 -0.014999999664724
0.1909449744405 -0.014999999664724
0.19336313099 -0.014999999664724
0.1957812875395 -0.014999999664724
0.198199444089 -0.014999999664724
0.2006176006385 -0.014999999664724
0.203035757188 -0.014999999664724
0.2054539137375 -0.014999999664724
0.207872070287 -0.014999999664724
0.2102902268365 -0.014999999664724
0.212708383386 -0.014999999664724
0.2151265399355 -0.014999999664724
0.217544696485 -0.014999999664724
0.2199628530345 -0.014999999664724
0.222381009584 -0.014999999664724
0.2247991661335 -0.014999999664724
0.227217322683 -0.014999999664724
0.2296354792325 -0.014999999664724
0.232053635782 -0.014999999664724
0.2344717923315 -0.014999999664724
0.236889948881 -0.014999999664724
0.2393081054305 -0.014999999664724
0.24172626198 -0.014999999664724
0.2441444185295 -0.014999999664724
0.246562575079 -0.014999999664724
0.24892052277 -0.014999999664724
0.25106411158 -0.014999999664724
0.25301282868 -0.014999999664724
0.25478438968 -0.014999999664724
0.25639489968 -0.014999999664724
0.25785899968 -0.014999999664724
0.25918999968 -0.014999999664724
0.26039999968 -0.014999999664724
0.26149999968 -0.014999999664724
0.26249999968 -0.014999999664724
0.26346198310563 -0.014999999664724
0.26442396653127 -0.014999999664724
0.2653859499569 -0.014999999664724
0.26634793338254 -0.014999999664724
0.26730991680817 -0.014999999664724
0.2682719002338 -0.014999999664724
0.26923388365944 -0.014999999664724
0.27019586708507 -0.014999999664724
0.27115785051071 -0.014999999664724
0.27211983393634 -0.014999999664724
0.27308181736198 -0.014999999664724
0.27404380078761 -0.014999999664724
0.27500578421324 -0.014999999664724
0.27596776763888 -0.014999999664724
0.27692975106451 -0.014999999664724
0.27789173449015 -0.014999999664724
0.27885371791578 -0.014999999664724
0.27981570134142 -0.014999999664724
0.28077768476705 -0.014999999664724
0.28173966819269 -0.014999999664724
0.28270165161832 -0.014999999664724
0.28366363504395 -0.014999999664724
0.28462561846959 -0.014999999664724
0.28558760189522 -0.014999999664724
0.28654958532086 -0.014999999664724
0.28751156874649 -0.014999999664724
0.28847355217213 -0.014999999664724
0.28943553559776 -0.014999999664724
0.29039751902339 -0.014999999664724
0.29135950244903 -0.014999999664724
0.29232148587466 -0.014999999664724
0.2932834693003 -0.014999999664724
0.29424545272593 -0.014999999664724
0.29520743615156 -0.014999999664724
0.2961694195772 -0.014999999664724
0.29713140300283 -0.014999999664724
0.29809338642847 -0.014999999664724
0.2990553698541 -0.014999999664724
0.30001735327974 -0.014999999664724
0.30097933670537 -0.014999999664724
0.301941320131 -0.014999999664724
0.30290330355664 -0.014999999664724
0.30386528698227 -0.014999999664724
0.30482727040791 -0.014999999664724
0.30578925383354 -0.014999999664724
0.30675123725917 -0.014999999664724
0.30771322068481 -0.014999999664724
0.30867520411044 -0.014999999664724
0.30963718753608 -0.014999999664724
0.31059917096171 -0.014999999664724
0.31156115438735 -0.014999999664724
0.31252313781298 -0.014999999664724
0.31348512123861 -0.014999999664724
0.31439293109965 -0.014999999664724
0.3152182127915 -0.014999999664724
0.315968468875 -0.014999999664724
0.31665051986 -0.014999999664724
0.31727056621 -0.014999999664724
0.31783424471 -0.014999999664724
0.31834667971 -0.014999999664724
0.31881252971 -0.014999999664724
0.31923602971 -0.014999999664724
0.31962102971 -0.014999999664724
0.31997102971 -0.014999999664724
0.32032817256714 -0.014999999664724
0.32068531542429 -0.014999999664724
0.32104245828143 -0.014999999664724
0.32139960113857 -0.014999999664724
0.32175674399571 -0.014999999664724
0.32211388685286 -0.014999999664724
0.32247102971 -0.014999999664724
0.32282817256714 -0.014999999664724
0.32318531542429 -0.014999999664724
0.32354245828143 -0.014999999664724
0.32389960113857 -0.014999999664724
0.32425674399571 -0.014999999664724
0.32461388685286 -0.014999999664724
0.32497102971 -0.014999999664724
0.32532817256714 -0.014999999664724
0.32568531542429 -0.014999999664724
0.32604245828143 -0.014999999664724
0.32639960113857 -0.014999999664724
0.32675674399571 -0.014999999664724
0.32711388685286 -0.014999999664724
0.32747102971 -0.014999999664724
0.32782817256714 -0.014999999664724
0.32818531542429 -0.014999999664724
0.32854245828143 -0.014999999664724
0.32889960113857 -0.014999999664724
0.32925674399571 -0.014999999664724
0.32961388685286 -0.014999999664724
0.32997102971 -0.014999999664724
0.33032102971 -0.014999999664724
0.33070602971 -0.014999999664724
0.33112952971 -0.014999999664724
0.33159537971 -0.014999999664724
0.33210781471 -0.014999999664724
0.33267149321 -0.014999999664724
0.33329153956 -0.014999999664724
0.333973590545 -0.014999999664724
0.3347238466285 -0.014999999664724
0.33554912832035 -0.014999999664724
0.33645693818139 -0.014999999664724
0.33742001481381 -0.014999999664724
0.33838309144624 -0.014999999664724
0.33934616807867 -0.014999999664724
0.34030924471109 -0.014999999664724
0.34127232134352 -0.014999999664724
0.34223539797594 -0.014999999664724
0.34319847460837 -0.014999999664724
0.3441615512408 -0.014999999664724
0.34512462787322 -0.014999999664724
0.34608770450565 -0.014999999664724
0.34705078113808 -0.014999999664724
0.3480138577705 -0.014999999664724
0.34897693440293 -0.014999999664724
0.34994001103536 -0.014999999664724
0.35090308766779 -0.014999999664724
0.35186616430021 -0.014999999664724
0.35282924093264 -0.014999999664724
0.35379231756507 -0.014999999664724
0.35475539419749 -0.014999999664724
0.35571847082992 -0.014999999664724
0.35668154746235 -0.014999999664724
0.35764462409477 -0.014999999664724
0.3586077007272 -0.014999999664724
0.35957077735963 -0.014999999664724
0.36053385399205 -0.014999999664724
0.36149693062448 -0.014999999664724
0.36246000725691 -0.014999999664724
0.36342308388933 -0.014999999664724
0.36438616052176 -0.014999999664724
0.36534923715419 -0.014999999664724
0.36631231378661 -0.014999999664724
0.36727539041904 -0.014999999664724
0.36823846705147 -0.014999999664724
0.36920154368389 -0.014999999664724
0.37016462031632 -0.014999999664724
0.37112769694875 -0.014999999664724
0.37209077358117 -0.014999999664724
0.3730538502136 -0.014999999664724
0.37401692684603 -0.014999999664724
0.37498000347845 -0.014999999664724
0.37594308011088 -0.014999999664724
0.37690615674331 -0.014999999664724
0.37786923337573 -0.014999999664724
0.37883231000816 -0.014999999664724
0.37979538664059 -0.014999999664724
0.38075846327301 -0.014999999664724
0.38172153990544 -0.014999999664724
0.38268461653787 -0.014999999664724
0.38364769317029 -0.014999999664724
0.38461076980272 -0.014999999664724
0.38557384643515 -0.014999999664724
0.38653692306757 -0.014999999664724
0.3874999997 -0.014999999664724
0.3884999997 -0.014999999664724
0.3895999997 -0.014999999664724
0.3908099997 -0.014999999664724
0.3921409997 -0.014999999664724
0.3936050997 -0.014999999664724
0.3952156097 -0.014999999664724
0.3969871707 -0.014999999664724
0.3989358878 -0.014999999664724
0.40107947661 -0.014999999664724
0.403437424301 -0.014999999664724
0.4060311667611 -0.014999999664724
0.40874756000334 -0.014999999664724
0.41146395324559 -0.014999999664724
0.41418034648783 -0.014999999664724
0.41689673973007 -0.014999999664724
0.41961313297232 -0.014999999664724
0.42232952621456 -0.014999999664724
0.4250459194568 -0.014999999664724
0.42776231269905 -0.014999999664724
0.43047870594129 -0.014999999664724
0.43319509918353 -0.014999999664724
0.43591149242578 -0.014999999664724
0.43862788566802 -0.014999999664724
0.44134427891026 -0.014999999664724
0.44406067215251 -0.014999999664724
0.44677706539475 -0.014999999664724
0.44949345863699 -0.014999999664724
0.45220985187924 -0.014999999664724
0.45492624512148 -0.014999999664724
0.45764263836372 -0.014999999664724
0.46035903160597 -0.014999999664724
0.46307542484821 -0.014999999664724
0.46579181809045 -0.014999999664724
0.4685082113327 -0.014999999664724
0.47122460457494 -0.014999999664724
0.47394099781718 -0.014999999664724
0.47665739105943 -0.014999999664724
0.47937378430167 -0.014999999664724
0.48209017754392 -0.014999999664724
0.48480657078616 -0.014999999664724
0.4875229640284 -0.014999999664724
0.49023935727065 -0.014999999664724
0.49295575051289 -0.014999999664724
0.49567214375513 -0.014999999664724
0.49838853699738 -0.014999999664724
0.50110493023962 -0.014999999664724
0.50382132348186 -0.014999999664724
0.50653771672411 -0.014999999664724
0.50925410996635 -0.014999999664724
0.51197050320859 -0.014999999664724
0.51468689645084 -0.014999999664724
0.51740328969308 -0.014999999664724
0.52011968293532 -0.014999999664724
0.52283607617757 -0.014999999664724
0.52555246941981 -0.014999999664724
0.52826886266205 -0.014999999664724
0.5309852559043 -0.014999999664724
0.53370164914654 -0.014999999664724
0.53641804238878 -0.014999999664724
0.53913443563103 -0.014999999664724
0.54185082887327 -0.014999999664724
0.54456722211551 -0.014999999664724
0.54728361535776 -0.014999999664724
0.5500000086 -0.014999999664724
0.55300000842129 -0.015052499664007
0.55600000824258 -0.015104999663291
0.55900000806387 -0.015157499662574
0.56200000788516 -0.015209999661857
0.56500000770645 -0.01526249966114
0.56800000752775 -0.015314999660424
0.57100000734904 -0.015367499659707
0.57400000717033 -0.01541999965899
0.57700000699162 -0.015472499658273
0.58000000681291 -0.015524999657557
0.5830000066342 -0.01557749965684
0.58600000645549 -0.015629999656123
0.58900000627678 -0.015682499655406
0.59200000609807 -0.01573499965469
0.59500000591936 -0.015787499653973
0.59800000574065 -0.015839999653256
0.60100000556194 -0.015892499652539
0.60400000538324 -0.015944999651823
0.60700000520453 -0.015997499651106
0.61000000502582 -0.016049999650389
0.61300000484711 -0.016102499649672
0.6160000046684 -0.016154999648956
0.61900000448969 -0.016207499648239
0.62200000431098 -0.016259999647522
0.62500000413227 -0.016312499646805
0.62800000395356 -0.016364999646089
0.63100000377485 -0.016417499645372
0.63400000359614 -0.016469999644655
0.63700000341743 -0.016522499643938
0.64000000323873 -0.016574999643222
0.64300000306002 -0.016627499642505
0.64600000288131 -0.016679999641788
0.6490000027026 -0.016732499641071
0.65200000252389 -0.016784999640355
0.65500000234518 -0.016837499639649
0.65800000216647 -0.016889999638943
0.66100000198776 -0.016942499638237
0.66400000180905 -0.016994999637531
0.66700000163034 -0.017047499636825
0.67000000145163 -0.017099999636119
0.67300000127292 -0.017152499635413
0.67600000109421 -0.017204999634707
0.67900000091551 -0.017257499634001
0.6820000007368 -0.017309999633295
0.68500000055809 -0.017362499632589
0.68800000037938 -0.017414999631883
0.69100000020067 -0.017467499631177
0.69400000002196 -0.017519999630471
0.69699999984325 -0.017572499629765
0.69999999966454 -0.017624999629059
0.70299999948583 -0.017677499628353
0.70599999930712 -0.017729999627647
0.70899999912841 -0.017782499626941
0.7119999989497 -0.017834999626235
0.71499999877099 -0.017887499625529
0.71799999859228 -0.017939999624823
0.72099999841357 -0.017992499624117
0.72399999823487 -0.018044999623411
0.72699999805616 -0.018097499622705
0.72999999787745 -0.018149999621999
0.73299999769874 -0.018202499621293
0.73599999752003 -0.018254999620587
0.73899999734132 -0.018307499619881
0.74199999716261 -0.018359999619175
0.7449999969839 -0.01841249961847
0.74799999680519 -0.018464999617764
0.75099999662648 -0.018517499617058
0.75399999644777 -0.018569999616352
0.75699999626906 -0.018622499615646
0.75999999609035 -0.01867499961494
0.76299999591164 -0.018727499614234
0.76599999573293 -0.018779999613528
0.76899999555423 -0.018832499612822
0.77199999537552 -0.018884999612116
0.77499999519681 -0.01893749961141
0.7779999950181 -0.018989999610704
0.78099999483939 -0.019042499609998
0.78399999466068 -0.019094999609292
0.78699999448197 -0.019147499608586
0.78999999430326 -0.01919999960788
0.79299999412455 -0.019252499607174
0.79599999394584 -0.019304999606468
0.79899999376713 -0.019357499605762
0.80199999358842 -0.019409999605056
0.80499999340971 -0.01946249960435
0.807999993231 -0.019514999603644
0.81099999305229 -0.019567499602938
0.81399999287359 -0.019619999602232
0.81699999269488 -0.019672499601526
0.81999999251617 -0.01972499960082
0.82299999233746 -0.019777499600114
0.82599999215875 -0.019829999599408
0.82899999198004 -0.019882499598702
0.83199999180133 -0.019934999597996
0.83499999162262 -0.01998749959729
0.83799999144391 -0.020039999596584
0.8409999912652 -0.020092499595878
0.84399999108649 -0.020144999595172
0.84699999090778 -0.020197499594466
0.84999999072907 -0.02024999959376
0.85299999055036 -0.020302499593054
0.85599999037165 -0.020354999592348
0.85899999019295 -0.020407499591642
0.86199999001424 -0.020459999590937
0.86499998983553 -0.020512499590231
0.86799998965682 -0.020564999589525
0.87099998947811 -0.020617499588819
0.8739999892994 -0.020669999588113
0.87699998912069 -0.020722499587407
0.87999998894198 -0.020774999586701
0.88299998876327 -0.020827499585995
0.88599998858456 -0.020879999585289
0.88899998840585 -0.020932499584583
0.89199998822714 -0.020984999583877
0.89499998804843 -0.021037499583171
0.89799998786972 -0.021089999582465
0.90099998769101 -0.021142499581759
0.90399998751231 -0.021194999581053
0.9069999873336 -0.021247499580347
0.90999998715489 -0.021299999579641
0.91299998697618 -0.021352499578935
0.91599998679747 -0.021404999578229
0.91899998661876 -0.021457499577523
0.92199998644005 -0.021509999576817
0.92499998626134 -0.021562499576111
0.92799998608263 -0.021614999575405
0.93099998590392 -0.021667499574699
0.93399998572521 -0.021719999573993
0.9369999855465 -0.021772499573287
0.93999998536779 -0.021824999572581
0.94299998518908 -0.021877499571875
0.94599998501037 -0.021929999571169
0.94899998483167 -0.021982499570463
0.95199998465296 -0.022034999569757
0.95499998447425 -0.022087499569051
0.95799998429554 -0.022139999568345
0.96099998411683 -0.022192499567639
0.96399998393812 -0.022244999566933
0.96699998375941 -0.022297499566227
0.9699999835807 -0.022349999565521
0.97299998340199 -0.022402499564815
0.97599998322328 -0.02245499956411
0.97899998304457 -0.022507499563404
0.98199998286586 -0.022559999562698
0.98499998268715 -0.022612499561992
0.98799998250844 -0.022664999561286
0.99099998232973 -0.02271749956058
0.99399998215103 -0.022769999559874
0.99699998197232 -0.022822499559168
0.99999998179361 -0.022874999558462
1.0029999816149 -0.022927499557756
1.0059999814362 -0.02297999955705
1.0089999812575 -0.023032499556344
1.0119999810788 -0.023084999555638
1.0149999809001 -0.023137499554932
1.0179999807214 -0.023189999554226
1.0209999805426 -0.02324249955352
1.0239999803639 -0.023294999552814
1.0269999801852 -0.023347499552108
1.0299999800065 -0.023399999551402
1.0329999798278 -0.023452499550696
1.0359999796491 -0.02350499954999
1.0389999794704 -0.023557499549284
1.0419999792917 -0.023609999548578
1.044999979113 -0.023662499547872
1.0479999789343 -0.023714999547166
1.0509999787556 -0.02376749954646
1.0539999785768 -0.023819999545754
1.0569999783981 -0.023872499545048
1.0599999782194 -0.023924999544342
1.0629999780407 -0.023977499543636
1.065999977862 -0.02402999954293
1.0689999776833 -0.024082499542224
1.0719999775046 -0.024134999541518
1.0749999773259 -0.024187499540812
1.0779999771472 -0.024239999540106
1.0809999769685 -0.0242924995394
1.0839999767897 -0.024344999538694
1.086999976611 -0.024397499537988
1.0899999764323 -0.024449999537282
1.0929999762536 -0.024502499536577
1.0959999760749 -0.024554999535871
1.0989999758962 -0.024607499535165
1.1019999757175 -0.024659999534459
1.1049999755388 -0.024712499533753
1.1079999753601 -0.024764999533047
1.1109999751814 -0.024817499532341
1.1139999750026 -0.024869999531635
1.1169999748239 -0.024922499530929
1.1199999746452 -0.024974999530223
1.1229999744665 -0.025027499529517
1.1259999742878 -0.025079999528811
1.1289999741091 -0.025132499528105
1.1319999739304 -0.025184999527399
1.1349999737517 -0.025237499526693
1.137999973573 -0.025289999525987
1.1409999733943 -0.025342499525281
1.1439999732156 -0.025394999524575
1.1469999730369 -0.025447499523869
1.1499999728581 -0.025499999523163
1.1529604994876 -0.025499999523163
1.1559210261171 -0.025499999523163
1.1588815527466 -0.025499999523163
1.1618420793761 -0.025499999523163
1.1648026060056 -0.025499999523163
1.1677631326351 -0.025499999523163
1.1707236592646 -0.025499999523163
1.1736841858941 -0.025499999523163
1.1766447125236 -0.025499999523163
1.1796052391531 -0.025499999523163
1.1825657657826 -0.025499999523163
1.1855262924121 -0.025499999523163
1.1884868190416 -0.025499999523163
1.1914473456711 -0.025499999523163
1.1944078723006 -0.025499999523163
1.1973683989301 -0.025499999523163
1.2003289255596 -0.025499999523163
1.2032894521891 -0.025499999523163
1.2062499788186 -0.025499999523163
1.2092105054481 -0.025499999523163
1.2121710320776 -0.025499999523163
1.2151315587071 -0.025499999523163
1.2180920853366 -0.025499999523163
1.2210526119661 -0.025499999523163
1.2240131385956 -0.025499999523163
1.2269736652251 -0.025499999523163
1.2299341918546 -0.025499999523163
1.2328947184841 -0.025499999523163
1.2358552451136 -0.025499999523163
1.2388157717431 -0.025499999523163
1.2417762983726 -0.025499999523163
1.2447368250021 -0.025499999523163
1.2476973516316 -0.025499999523163
1.2506578782611 -0.025499999523163
1.2536184048906 -0.025499999523163
1.2565789315201 -0.025499999523163
1.2595394581496 -0.025499999523163
1.2624999847791 -0.025499999523163
1.2654605114086 -0.025499999523163
1.2684210380381 -0.025499999523163
1.2713815646676 -0.025499999523163
1.2743420912971 -0.025499999523163
1.2773026179266 -0.025499999523163
1.2802631445561 -0.025499999523163
1.2832236711856 -0.025499999523163
1.2861841978151 -0.025499999523163
1.2891447244446 -0.025499999523163
1.2921052510741 -0.025499999523163
1.2950657777036 -0.025499999523163
1.2980263043331 -0.025499999523163
1.3009868309626 -0.025499999523163
1.3039473575921 -0.025499999523163
1.3069078842216 -0.025499999523163
1.3098684108511 -0.025499999523163
1.3128289374806 -0.025499999523163
1.3157894641101 -0.025499999523163
1.3187499907396 -0.025499999523163
1.321710517369 -0.025499999523163
1.3246710439985 -0.025499999523163
1.327631570628 -0.025499999523163
1.3305920972575 -0.025499999523163
1.333552623887 -0.025499999523163
1.3365131505165 -0.025499999523163
1.339473677146 -0.025499999523163
1.3424342037755 -0.025499999523163
1.345394730405 -0.025499999523163
1.3483552570345 -0.025499999523163
1.351315783664 -0.025499999523163
1.3542763102935 -0.025499999523163
1.357236836923 -0.025499999523163
1.3601973635525 -0.025499999523163
1.363157890182 -0.025499999523163
1.3661184168115 -0.025499999523163
1.369078943441 -0.025499999523163
1.3720394700705 -0.025499999523163
1.3749999967 -0.025499999523163
1.3779605233295 -0.025499999523163
1.380921049959 -0.025499999523163
1.3838815765885 -0.025499999523163
1.386842103218 -0.025499999523163
1.3898026298475 -0.025499999523163
1.392763156477 -0.025499999523163
1.3957236831065 -0.025499999523163
1.398684209736 -0.025499999523163
1.4016447363655 -0.025499999523163
1.404605262995 -0.025499999523163
1.4075657896245 -0.025499999523163
1.410526316254 -0.025499999523163
1.4134868428835 -0.025499999523163
1.416447369513 -0.025499999523163
1.4194078961425 -0.025499999523163
1.422368422772 -0.025499999523163
1.4253289494015 -0.025499999523163
1.428289476031 -0.025499999523163
1.4312500026605 -0.025499999523163
1.43421052929 -0.025499999523163
1.4371710559195 -0.025499999523163
1.440131582549 -0.025499999523163
1.4430921091785 -0.025499999523163
1.446052635808 -0.025499999523163
1.4490131624375 -0.025499999523163
1.451973689067 -0.025499999523163
1.4549342156965 -0.025499999523163
1.457894742326 -0.025499999523163
1.4608552689555 -0.025499999523163
1.463815795585 -0.025499999523163
1.4667763222145 -0.025499999523163
1.469736848844 -0.025499999523163
1.4726973754735 -0.025499999523163
1.475657902103 -0.025499999523163
1.4786184287325 -0.025499999523163
1.481578955362 -0.025499999523163
1.4845394819915 -0.025499999523163
1.487500008621 -0.025499999523163
1.4904605352505 -0.025499999523163
1.49342106188 -0.025499999523163
1.4963815885095 -0.025499999523163
1.499342115139 -0.025499999523163
1.5023026417685 -0.025499999523163
1.505263168398 -0.025499999523163
1.5082236950274 -0.025499999523163
1.5111842216569 -0.025499999523163
1.5141447482864 -0.025499999523163
1.5171052749159 -0.025499999523163
1.5200658015454 -0.025499999523163
1.5230263281749 -0.025499999523163
1.5259868548044 -0.025499999523163
1.5289473814339 -0.025499999523163
1.5319079080634 -0.025499999523163
1.5348684346929 -0.025499999523163
1.5378289613224 -0.025499999523163
1.5407894879519 -0.025499999523163
1.5437500145814 -0.025499999523163
1.5467105412109 -0.025499999523163
1.5496710678404 -0.025499999523163
1.5526315944699 -0.025499999523163
1.5555921210994 -0.025499999523163
1.5585526477289 -0.025499999523163
1.5615131743584 -0.025499999523163
1.5644737009879 -0.025499999523163
1.5674342276174 -0.025499999523163
1.5703947542469 -0.025499999523163
1.5733552808764 -0.025499999523163
1.5763158075059 -0.025499999523163
1.5792763341354 -0.025499999523163
1.5822368607649 -0.025499999523163
1.5851973873944 -0.025499999523163
1.5881579140239 -0.025499999523163
1.5911184406534 -0.025499999523163
1.5940789672829 -0.025499999523163
1.5970394939124 -0.025499999523163
1.6000000205419 -0.025499999523163
1.6033333536766 -0.025674999536326
1.6066666868112 -0.025849999549488
1.6100000199458 -0.026024999562651
1.6133333530805 -0.026199999575814
1.6166666862151 -0.026374999588976
1.6200000193498 -0.026549999602139
1.6233333524844 -0.026724999615301
1.6266666856191 -0.026899999628464
1.6300000187537 -0.027074999641627
1.6333333518884 -0.027249999654789
1.636666685023 -0.027424999667952
1.6400000181577 -0.027599999681115
1.6433333512923 -0.027774999694277
1.646666684427 -0.02794999970744
1.6500000175616 -0.028124999720602