783124.6777770185 738.0036194872569 1431.0308192000973 1.9067775321445863
275411.8906052502 1140.673440038518 1127.2597959633772 0.8522702997453168
178302.99774336384 1250.5502768323104 1021.5130479663799 0.6089236215868967
135536.6366405346 1309.8006444891917 960.450904555989 0.4923128931565167
113529.23236584016 1344.5073267193347 923.3689231409062 0.4289403562431783
101667.151806166 1364.630473295592 901.4240170029057 0.3934756229784709
94946.44399846053 1376.3460323478507 888.4975723567089 0.3728116291490901
91757.4366612939 1381.6127642085662 882.6504505659256 0.36267672834906683
91127.99576851097 1381.8911991189073 882.3407105430103 0.3603152742867026
91187.17209572105 1380.8263707356518 883.3979489574047 0.36011775343932256
91343.89901278062 1379.6190653859887 884.1425682005616 0.36043289211794916
91497.6984084442 1378.4355196064241 884.8714729964389 0.3607423647698414
91648.89654128585 1377.2731579184508 885.5863097475568 0.36104681591945237
91797.75999685291 1376.1298740319835 886.2884268082519 0.36134677185297837
91944.51032622402 1375.003915960831 886.9789472646698 0.3616426696632922
92089.33430691679 1373.893805457637 887.6588200070945 0.3619348776022361
92232.39133972832 1372.7982799106096 888.3288565871742 0.36222370974729584
92373.81890979085 1371.7162494272868 888.9897584588085 0.3625094368264619
92513.73670234444 1370.6467644764386 889.6421375302776 0.36279229437389454
92652.24976080113 1369.58899104889 890.28653195055 0.3630724889858885
96560.39048273636 1320.1109726918903 916.9377905333904 0.38462650088502687
96880.6564067063 1318.303820758017 920.821102055525 0.3851537515902918
97200.92233067626 1316.5041576540286 924.7073039751638 0.38568025589110183
97521.1882546462 1314.7115966505905 928.5961508907808 0.38620611532901855
97841.45417861616 1312.9257879478646 932.4874180747482 0.38673142176441583
98161.72010258611 1311.1464137728826 936.3808986626211 0.38725625867778435
98481.98602655606 1309.3731842970083 940.2764013203649 0.3877807022519469
99263.09521932308 1306.0750294482973 950.4996370966657 0.3887599362129342
100480.49979256159 1301.327950648651 966.757147942232 0.39017807265304283
101697.90436580012 1296.5870060977059 983.040378550684 0.39160474056753264
102915.30893903864 1291.8520344690933 999.3470643794213 0.39304006264338454
112684.9882165406 1258.7624611575075 1132.309702834881 0.40419765506281036
135688.76826960014 1181.8957827927009 1448.2599996213232 0.43256859646128926
158692.5483226595 1105.4183203391765 1757.466204952231 0.4644675676654111
181696.3283757189 1028.9854737007045 2073.9272585709227 0.49476970471492726
204700.1084287783 951.5692415990306 2380.7549450174615 0.5272017687958331
227703.88848183767 873.0663202169964 2654.4128155194066 0.5660966199008228
243012.03989817412 819.9221789549389 2827.083120772535 0.593337867776343
257812.5320880179 767.8036825489795 2972.2137376970218 0.623668535482758
272613.02427786175 733.5219017877434 3091.9609352619873 0.6588250868843853
287413.51646770554 733.4967105627738 3206.58982836807 0.6946473240285392
301847.9347179194 733.9984503730063 3321.378994990617 0.7285435201917955
316258.2373624019 734.8867365076178 3438.312776999989 0.7614781181747262
330668.5400068844 736.1676433027274 3558.0704534282722 0.7933991394268064
345078.84265136684 737.8619337326489 3681.301498613624 0.8241629803350744
350806.9143201583 747.5162417691133 3868.0318785511486 0.8060346827076117
343115.55087926495 768.989255982352 3893.0832667030527 0.7713983415804303
335424.18743837153 790.7997473649001 3912.650217587456 0.7386881578195826
327732.82399747823 812.9471177054794 3926.5486663524885 0.7077746040246753
315894.61172305385 847.7255830391794 3905.741755829177 0.6686950001963128
295724.26651773317 908.0139311818971 3797.4723713015296 0.6151902231246672
275553.92131241236 969.1768751128343 3649.5914061008684 0.5680809138878655
255383.57610709162 1031.213872377375 3464.145290901499 0.526339342543888
235213.23090177085 1094.1243577849698 3243.6966956014576 0.4891439549103751
215042.88569644996 1157.9077808105235 2991.380417207443 0.45583030871858016
204065.683695136 1192.9388983596662 2859.3378944134142 0.43643283039358144
194367.43576007622 1224.2596586638433 2739.3317305881 0.4195666799027103
184669.18782501642 1256.0021195334093 2612.026976938361 0.40355350251374067
174970.9398899566 1288.1662051230408 2477.834675431009 0.38834037830191837
171873.17444762503 1298.3049518049443 2454.4927036882846 0.38034290194885567
170897.17881390348 1301.2811801402192 2467.950784398503 0.37464570829927957
169921.18318018192 1304.3039665640997 2481.019939187228 0.3690823368680148
168945.18754646037 1307.3732043021002 2493.7009514979864 0.3636479912229345
167824.58365091504 1311.006407526556 2503.351338792359 0.35819662309233025
166316.90445543747 1316.0929158349702 2505.355411291793 0.35249298122466693
164809.2252599599 1321.24842751089 2506.7390169809223 0.3469180590656061
163301.5460644824 1326.4729738608596 2507.5022827085936 0.3414675830540392
163872.35117637977 1323.9790108311752 2546.9792850680337 0.3381145439206707
176142.96220760845 1277.032568498473 2807.939520444357 0.3464963702864189
188413.5732388373 1229.5629123867857 3064.4318819907216 0.35576516117748846
200684.184270066 1181.5941577144195 3302.3306692794504 0.3672827002256054
212954.79530129483 1133.5080224069945 3502.1696703428406 0.3828623934774336
225225.40633252365 1085.4353867269208 3686.686068380946 0.3998174093548769
235981.7921937181 1043.261972566328 3834.2185218295385 0.4159785329490412
245619.91154285514 1005.4640692039368 3953.9591030240454 0.43161502839351273
255258.03089199204 967.6761781078741 4061.129678961598 0.4484683398185992
264896.1502411291 929.8980912952942 4154.858774270404 0.46668635698802113
274242.8878665226 893.2263044185446 4232.149157179033 0.48584474491078705
274116.99738266296 893.4861826993829 4230.0967793175105 0.4857034326297985
273991.10689880326 893.7461552224968 4228.043977806143 0.48556215132795766
273865.21641494357 894.0062168409348 4225.990728332807 0.4854209038175776
273739.3259310839 894.2663625817028 4223.937007483528 0.4852796928100277
272690.96210194565 898.1113326900087 4214.728004630855 0.48320209216846405
270661.0185029487 905.7847509340785 4197.39983923154 0.4791085428248164
268631.0749039517 913.4564865714473 4179.437880500208 0.4750846447226361
266601.1313049547 921.1268232736059 4160.851355128305 0.47112849038529364
264571.1877059577 928.7957780182956 4141.648260048038 0.4672383750085179
259878.0937492318 946.8221665429828 4096.316075421618 0.4583423559859222
255012.34204573103 965.5278267348016 4045.92549291567 0.4494623130295634
250146.59034223034 984.2293045734006 3992.1803938620737 0.44092169257452596
245280.8386387296 1002.9265732757179 3935.1928488385142 0.43270141107409454
237640.9007461538 1032.3951534718776 3840.081799775472 0.42034958086140783
225729.6239276382 1078.5151043021497 3677.7360889111633 0.40237286445100146
213818.34710912273 1124.6236370477473 3499.247910510798 0.3858745949767411
201907.0702906071 1170.7205557598938 3306.37835193349 0.37067965316711066
189995.79347209155 1216.8056930520693 3100.940017663619 0.35663951767919894
178084.51665357608 1262.8789285914409 2884.802829665771 0.3436273950190113
166173.23983506046 1308.940892373944 2662.6353995837235 0.3311939154027238
154261.96301654505 1355.8295456301933 2514.8001417639025 0.309243370910121
142350.68619802943 1404.291863427074 2348.5800207058314 0.2890809324030156
131976.36506746625 1447.7786245594255 2198.2306643161633 0.27175983085961286
