783124.6777770185 738.0036194872569 1431.0308192000973 1.9067775321445863
274977.57742685726 1141.603079807027 1126.406589985047 0.851572765511642
177886.382233506 1251.8565676353803 1020.197892276973 0.6082855938669262
135131.64533147286 1311.4037135000947 958.7600025087341 0.49170891757455215
113121.3865293949 1346.3804337044135 921.3404557953535 0.42834169408299444
101242.43054991365 1366.7697345073407 899.0723045640626 0.39285798836018093
94495.3816238289 1378.7522605894223 885.8293358852662 0.37215930649796497
91268.66558593884 1384.2975345541126 879.6615942133465 0.36197169435132537
90588.90898958285 1384.8728099529494 879.0203240135626 0.35953788872303066
90595.00885249356 1384.1035726861403 879.7510192564879 0.3592634562221811
90700.64593490187 1383.1771451622487 880.1873085345632 0.3595040841919757
90804.27564209874 1382.2690306523525 880.6144242139861 0.3597402686387126
90906.1196297636 1381.377248166401 881.0333293714366 0.3599725076286528
91006.35906397864 1380.5001774401228 881.4448126978559 0.36020120803208977
91105.14454779388 1379.636470625406 881.8495310860483 0.360426707904798
91202.60308029511 1378.784990358629 882.248039515115 0.3606492921746361
91298.84307396115 1377.9447650936904 882.6408126164436 0.3608692039484507
91393.95805948849 1377.1149561086702 883.0282606125813 0.3610866528590435
91488.02947835717 1376.2948326283138 883.4107413421207 0.3613018213552847
91581.12882588955 1375.4837527263826 883.7885694959298 0.3615148695280832
96560.39048273636 1278.2897082653776 917.5548955603207 0.40651206091836656
96880.6564067063 1276.6753000749688 921.5386219545649 0.40702611076395706
97200.92233067626 1275.0666455838486 925.5252474800341 0.4075396233173777
97521.1882546462 1273.463446868568 929.514567999079 0.40805268504447695
97841.45417861616 1271.8654344716767 933.5063958630241 0.40856537419621003
98161.72010258611 1270.2723636217552 937.5005576724271 0.40907776191243445
98481.98602655606 1268.6840110858075 941.4968924181891 0.409589913139927
99263.09521932308 1265.6043803525693 951.8206605747839 0.4105865738593506
100480.49979256159 1261.1076900226244 968.1800636836632 0.4120505784995103
101697.90436580012 1256.6157255596645 984.5675287258854 0.4135235055727994
102915.30893903864 1252.1283626796342 1000.9807960276192 0.41500547561993406
112684.9882165406 1221.6313492540125 1062.0778525420299 0.45420377686371727
135688.76826960014 1151.7426301833284 1343.9100723322156 0.49133870299496424
158692.5483226595 1083.089727539871 1621.1279140535742 0.5307321196731777
181696.3283757189 1015.1166433734055 1911.339909397559 0.5658600602618855
204700.1084287783 946.6631108306714 2202.727500184348 0.6005938411496174
227703.88848183767 877.447762443126 2476.63487670257 0.6395092221308408
243012.03989817412 830.5878249777003 2660.1269467082916 0.6646421380061276
257812.5320880179 784.5438325104934 2825.381551576984 0.6915224218486983
272613.02427786175 737.7025210115459 2973.6071819812423 0.7220546451853507
287413.51646770554 690.0017882906096 3100.68891400474 0.7571800577495514
301847.9347179194 642.5729493532286 3201.07673905606 0.7967597489906152
316258.2373624019 594.2601801206818 3271.927415297534 0.8434288143825415
330668.5400068844 544.9133307200134 3307.7203503765695 0.8995517425279931
345078.84265136684 494.45539168893185 3302.0058502408892 0.9684653165825984
350806.9143201583 475.2680180761272 3696.10781192849 0.879106251558121
343115.55087926495 506.4638288925257 3853.533622614113 0.8121810318897159
335424.18743837153 538.1442525129131 4001.668963782446 0.7527110652486142
327732.82399747823 570.3090786353504 4139.97348967857 0.6995901222337735
315894.61172305385 620.6890636414843 4297.968339363171 0.6332856391986422
295724.26651773317 707.86224247493 4449.354507697991 0.547182040738677
275553.92131241236 796.3028239326958 4506.821856783902 0.47940726408574347
255383.57610709162 886.0100048127189 4473.437161231035 0.42475496351720415
235213.23090177085 976.9829023134188 4353.314625098223 0.37981594560511717
215042.88569644996 1069.2205387847753 4151.724384130457 0.34226458879529725
204065.683695136 1119.9930037973088 4034.849524145304 0.32230792336483455
194367.43576007622 1165.41468634584 3919.378043934948 0.305593259663416
184669.18782501642 1211.4450405482316 3786.669632206901 0.2900925783119229
174970.9398899566 1258.0838273622485 3637.284446711088 0.2756911883360327
171873.17444762503 1272.9551390569477 3617.142321757051 0.26895940551867187
170897.17881390348 1277.4936500940544 3641.5942866565715 0.26459458117583584
169921.18318018192 1282.0969161159455 3665.5551220895895 0.2603328576660315
168945.18754646037 1286.7648465154045 3689.0236194129347 0.2561706253571225
167824.58365091504 1292.243912940072 3708.761812892757 0.25195879639998237
166316.90445543747 1299.8169669115687 3719.0537504791932 0.24745857335579924
164809.2252599599 1307.4875421647969 3728.4615071577564 0.2430644672987422
163301.5460644824 1315.2556736106364 3736.9784045156557 0.23877305110757208
163872.35117637977 1311.889388180883 3793.231025300049 0.23658933116064434
176142.96220760845 1244.4049734717717 4112.6070425219505 0.24653877030434385
188413.5732388373 1176.1591502191702 4405.924226450342 0.2578653852049045
200684.184270066 1107.1863994098055 4651.004185348371 0.2717636555160247
212954.79530129483 1038.038463308086 4820.6077329717355 0.28986451909801925
225225.40633252365 968.9044819440802 4946.420257399178 0.31054419320922133
235981.7921937181 908.273726366146 5017.41280251639 0.3312714129210499
245619.91154285514 853.9494742521434 5047.529278763876 0.3523426623813001
255258.03089199204 799.6354232202033 5044.189970780628 0.37627176484719216
264896.1502411291 745.3313268479345 5005.581611476386 0.4036825557456189
274242.8878665226 692.6187947699923 4932.643539273104 0.4344004560833153
274116.99738266296 693.1731181160458 4932.762132884132 0.43405306999291543
273991.10689880326 693.7274424949211 4932.875823760906 0.4337062384158452
273865.21641494357 694.2817644949006 4932.984590729146 0.4333599621550037
273739.3259310839 694.8360808157938 4933.0884134823045 0.43301424193443194
272690.96210194565 700.5609688854959 4941.642839785639 0.42947560093529064
270661.0185029487 711.8083307543228 4957.977186310157 0.42268919517515274
268631.0749039517 723.0537585269335 4972.637485133929 0.4161150385277152
266601.1313049547 734.2974520659603 4985.641800016169 0.40974321571568534
264571.1877059577 745.5394269238052 4997.006940330008 0.4035645192115852
259878.0937492318 771.7213523499711 5018.481488675299 0.3898719760262674
255012.34204573103 798.8843986200087 5031.809721374164 0.3766149506724313
250146.59034223034 826.0427947486825 5036.211957789775 0.3642318989810883
245280.8386387296 853.1965161742609 5031.9223652100245 0.3526391640084079
237640.9007461538 895.888153646855 5008.8426936102915 0.3358329856007074
225729.6239276382 962.6012431328461 4933.9182530867665 0.3125548503397909
213818.34710912273 1029.3023104559102 4813.973034659275 0.2922979790413726
201907.0702906071 1095.9909664160214 4652.660692012263 0.27451012087381427
189995.79347209155 1162.666802699755 4453.734576741874 0.2587658927266745
178084.51665357608 1229.3293986804943 4221.0585682731 0.2447323251486465
166173.23983506046 1295.979308105854 3962.6903314776923 0.23190659695860952
154261.96301654505 1363.8220111142887 3802.3995367944112 0.21313508065329734
142350.68619802943 1433.9323538211345 3604.7874771227584 0.19626993125505554
131976.36506746625 1496.8633546178205 3416.31092042584 0.1822257306006439
