783124.6777770185 738.0036194872569 1431.0308192000973 1.9067775321445863
275411.8906052502 1140.673440038518 1127.2597959633772 0.8522702997453168
178302.99774336384 1250.5502768323104 1021.5130479663799 0.6089236215868967
135536.6366405346 1309.8006444891917 960.450904555989 0.4923128931565167
113529.23236584016 1344.5073267193347 923.3689231409062 0.4289403562431783
101667.151806166 1364.630473295592 901.4240170029057 0.3934756229784709
94946.44399846053 1376.3460323478507 888.4975723567089 0.3728116291490901
91757.4366612939 1381.6127642085662 882.6504505659256 0.36267672834906683
91127.99576851097 1381.8911991189073 882.3407105430103 0.3603152742867026
91159.33335201837 1380.8941000416319 883.1715711373496 0.36010009064352416
91185.11969948202 1380.0051637069987 882.8527018248044 0.36033205038591226
91210.455826123 1379.1339412159025 882.5404901434247 0.3605596780154977
91235.39371750105 1378.2785237337275 882.2342346484895 0.36078345620239616
91259.97579573291 1377.437349742238 881.9333609784444 0.3610037793185845
91284.23727142134 1376.6091200409105 881.6373908115006 0.3612209750992811
91308.2077912394 1375.7927381324748 881.3459200833446 0.36143531982640953
91331.91262492054 1374.9872672238425 881.0586032689529 0.36164704927389313
91355.37354109308 1374.1918984623137 880.7751417663956 0.36185636678845684
91378.60946697573 1373.4059269833517 880.4952751336384 0.3620634493797448
91401.6369942787 1372.6287335218576 880.2187743579916 0.36226845239328775
95786.34489205343 1322.5711466039886 910.0272132047184 0.3839088263533845
96139.40490950528 1320.700518092751 914.4079945803181 0.3844525898728914
96492.46492695708 1318.8370201170596 918.7920476476424 0.38499581438619723
96845.52494440891 1316.9802886054465 923.1791320811963 0.38553859536097485
97198.58496186072 1315.1299942317776 927.5690263990883 0.3860810192199624
97551.64497931255 1313.2858378022718 931.9615254010471 0.3866231645578685
97904.70499676437 1311.4475464141221 936.3564380427861 0.3871651031533758
98669.32732951775 1308.24778723793 946.4204707513036 0.3881120399604314
99823.58915382961 1303.7545937268417 961.8916861998393 0.3894496003326744
100977.85097814146 1299.267436238662 977.3878544458129 0.3907945964214319
102132.11280245331 1294.786147068682 992.9070306625058 0.39214713751429725
102486.92501797386 1292.9645286636342 997.3717565253528 0.39269961500427075
101604.63984670793 1295.2709592870538 984.6576288217234 0.3920003500072691
100722.354675442 1297.5805129461444 971.9809586797725 0.3913026290901181
99840.06950417608 1299.9074065838151 971.6404649926754 0.38566243787150417
98957.78433291015 1302.298302281519 977.1611510613692 0.3777737701297837
98075.49916164423 1304.7564057408779 982.2866193327587 0.3701574418978298
93927.43840215777 1318.8060361812077 939.8939878121379 0.3596284607438215
89563.94350632236 1333.9081483224957 892.9977333834912 0.3492758461596975
85200.44861048693 1349.2963395523534 844.847897555873 0.3392986824847113
80836.95371465152 1364.9707748375947 795.5779671486392 0.32967959797410074
80272.11584715077 1366.5528629267 800.4786199229067 0.32377372810722616
79957.51954368173 1367.208458771558 808.9112580940322 0.3182791411736208
79642.92324021271 1367.8927716565906 817.2058157171833 0.3129564935930952
79328.32693674367 1368.6055284910124 825.3631223092391 0.30779762743427336
79071.10631826555 1369.1139358432 834.2626476428088 0.30284632441067916
78902.566740843 1369.2829206079814 844.4315413468262 0.29812225392461217
78734.02716342043 1369.4703482545187 854.5245524181673 0.29353824293065534
78565.48758599786 1369.674854256568 864.5413974936947 0.2890882746290215
78494.06017790145 1369.4770693414905 876.0402528633058 0.28485360978510565
78617.75719717517 1368.4384844513847 890.689912383378 0.280914897076922
78741.45421644888 1367.3972776319783 905.38614324283 0.27709019917166094
78865.15123572262 1366.3533384408424 920.1287301559125 0.27337469716943075
78988.84825499632 1365.3065602327263 934.917454190275 0.26976384074594617
79112.54527427004 1364.2568399691008 949.7520927908893 0.26625332969153304
74961.96061464865 1383.2196153371135 891.3281701092201 0.2590355318204019
70216.73603566259 1405.2790574238522 821.8131027525561 0.25155172916245966
65471.511456676526 1427.6445553603496 751.721110872817 0.2443358632922852
60726.28687769046 1450.317399806579 681.3716674403446 0.23737646539037371
72308.79886125503 1392.6045595556084 889.6719759464115 0.24402754077186808
89139.97236608338 1307.9162596211586 1205.3834220891856 0.2565215798535804
105971.14587091171 1222.175707737102 1527.9625387231795 0.2710673082423808
122802.31937574016 1135.387524553919 1843.908286020317 0.2881651665456701
137828.32844712795 1056.9422514884952 2112.3407251972417 0.3057567652831977
148022.4243505643 1002.9736169911125 2289.1009833094763 0.31830742611962
158216.52025400067 948.3725208438251 2451.684512565669 0.33260563361864853
168410.61615743686 893.1384342008465 2596.567313699393 0.3489987122758256
177043.39671080443 845.7715089582672 2707.526356061717 0.36423718733314386
176887.51982285234 846.3690738587461 2737.009764299538 0.3597775167267116
176731.64293490013 846.9790845029962 2766.4810453993664 0.3554147849626153
176575.76604694797 847.6009003880392 2786.3968860813156 0.3523485595957807
176419.88915899582 848.2253441111012 2784.2908831500185 0.35208916841884036
176264.01227104367 848.8492776739567 2782.1796214088854 0.3518303703282757
179644.579591256 829.497180851501 2807.2946625637514 0.3600378577344839
185636.8371726077 795.3398633456749 2845.180921025053 0.3754990105906308
191629.09475395927 761.1919225348447 2873.2291219402136 0.39234281469369925
197621.35233531095 727.0532791868613 2890.9681529482614 0.41076346431455973
203507.14735595172 693.5061327478119 2897.8924476706343 0.43063148801542234
205931.91458042123 679.5709922130458 2897.0795169377466 0.43946156504407524
208356.68180489074 665.6395118595026 2894.3866281250143 0.4486588764812383
210781.4490293602 651.7116962533006 2889.784301536692 0.4582468139999823
213206.2162538297 637.7875510222294 2883.243242016525 0.46825079822010046
213822.8040180417 634.0775915467698 2880.581350383272 0.47099021982123573
212515.35529106716 641.2752670334878 2883.239044619363 0.46570370553440193
211207.90656409264 648.4708753410068 2885.3418510041474 0.4605360165152338
209900.45783711807 655.6649013398405 2886.8967265053043 0.4554828547940233
208593.00911014355 662.8573831633566 2887.9086025500956 0.45054042926798854
205103.11333358986 682.3838432655887 2889.464630388386 0.43764742752098434
201471.72483622824 702.718966758871 2887.0856000454232 0.4249821516330279
197840.33633886665 723.0488971535265 2880.6897861337034 0.41303227732092507
194208.94784150503 743.3736285660038 2870.380562593776 0.40173885924615405
188585.835381781 774.9350090991879 2847.435420022757 0.3853753467801778
179896.1197778022 823.8672264626531 2795.2808397669496 0.3624839027540784
171206.40417382354 872.7863124079788 2723.5858662273504 0.3421646459731058
162516.68856984473 921.69210468494 2633.847077545297 0.3240071625444596
153826.97296586595 970.5844505337938 2527.598049983381 0.3076839395574688
145137.25736188726 1019.463220430799 2406.413033775822 0.2929304355067385
136447.54175790845 1068.3290445771624 2274.2470751009782 0.2792435258791237
127757.82615392977 1118.069812197299 2201.92389116929 0.25806036788871234
119068.11054995096 1169.4770817473398 2111.808070531909 0.2388740057949278
111226.4478280068 1217.2994815871177 2021.2959797037213 0.22241953221808783
